40 00 21 05 03 03 00 00 00 00 0A 08 00 00 0E 0B
00 00 08 0D 01 00 0A 01 09 03 08 01 00 00 00 00
00 00 00 00 00 00 0A 02 00 00 0A 00 0C 08 00 03
00 00 08 00 0C 08 0D 02 02 01 03 00 0C 08 0A 02
08 01 0F 00 0C 02 00 03 08 01 0B 00 04 0A 02 03
04 02 04 00 0C 0F 02 03 06 02 04 00 0C 07 0F 02
08 02 03 00 0C 0F 0F 02 0A 02 03 00 0C 07 04 02
0C 02 03 00 0C 0F 06 0F 0E 02 00 00 03 00 06 02
00 03 04 00 04 0D 0B 02 00 03 04 00 0C 0B 0A 02
00 03 04 00 0C 09 07 03 00 03 06 00 03 0E 06 0F
02 03 00 04 03 00 04 02 06 03 08 00 0C 0F 0E 02
06 03 02 00 04 07 08 02 06 03 05 00 03 0E 0A 02
0C 03 05 00 0C 01 00 03 0C 03 06 00 03 0C 04 02
02 04 07 00 0C 0F 0E 02 02 04 02 00 04 06 09 02
02 04 0C 00 03 0E 0A 02 08 04 05 00 04 01 04 02
0E 04 04 00 0C 0F 0E 02 0E 04 02 00 0C 04 0A 02
0E 04 06 00 03 0E 06 02 04 05 06 00 04 0D 0A 02
04 05 03 00 04 06 0B 02 04 05 0C 00 03 0E 06 02
06 05 06 00 04 0D 0A 02 0A 05 05 00 0C 09 01 03
0F 05 01 00 04 0A 01 0F 00 06 00 03 01 00 0B 00
0B 0F 05 02 01 00 07 00 0C 0F 0D 03 01 00 0A 00
0A 0A 0D 03 08 01 0C 00 0A 0A 06 02 0F 02 08 00
0C 0F 0D 03 00 03 05 02 0A 0A 05 02 00 06 07 00
0C 0F 09 0F 00 06 0D 03 01 00 0C 00 0A 0A 06 02
08 01 06 00 0C 0F 0D 03 09 01 0C 00 0A 0A 06 02
0F 02 07 00 0C 0F 0D 03 01 03 06 02 0A 0A 01 0F
00 06 04 02 00 00 0C 00 0C 0F 00 03 00 00 04 00
0C 08 00 03 00 00 07 00 0B 0D 08 04 00 00 0F 00
02 0D 03 04 00 00 0F 00 02 0D 00 04 00 00 0F 00
02 0D 06 0F 01 00 00 00 03 00 06 0F 02 00 08 01
03 00 06 0F 05 00 00 04 03 00 0A 02 06 00 01 00
04 01 0C 03 06 00 03 00 03 0C 06 02 07 00 04 00
0C 03 06 02 0C 00 04 00 0C 08 0A 02 0C 00 03 00
0C 06 04 02 02 01 03 00 04 07 0A 02 02 01 01 00
0C 03 0D 02 02 01 03 00 0C 06 00 03 02 01 03 00
0B 0A 03 04 02 01 04 00 02 0D 00 04 02 01 03 00
02 0D 08 04 02 01 04 00 02 0D 04 02 08 01 0C 00
0C 0F 06 02 08 01 04 02 0C 0E 01 03 08 01 02 00
04 0B 00 03 08 01 06 01 0B 0E 04 02 04 02 03 00
0C 03 0A 02 04 02 02 00 0C 07 0B 02 08 02 03 00
04 0D 0A 02 0A 02 02 00 04 04 04 02 0C 02 03 00
04 0C 04 02 00 03 03 00 0C 0F 00 03 00 03 03 00
0C 09 02 03 00 03 05 00 0C 0F 00 03 00 03 03 00
03 0D 08 04 00 03 0F 00 02 0D 03 04 00 03 00 01
02 0D 00 04 00 03 0F 00 02 0D 0F 02 04 03 04 00
0C 0F 04 03 04 03 03 00 03 0D 04 02 08 03 04 00
04 0F 05 03 08 03 04 00 0B 0D 0F 02 0C 03 05 00
0C 0F 06 03 0C 03 04 00 0B 0B 0B 02 00 04 04 00
04 0E 07 03 00 04 04 00 0B 0E 0D 02 02 04 03 00
0C 04 08 04 02 04 05 00 02 0D 03 04 02 04 05 00
02 0D 00 04 02 04 04 00 02 0D 04 02 04 04 04 00
0C 0F 00 03 04 04 05 00 03 0D 06 02 08 04 08 00
0C 0E 00 03 08 04 03 00 04 09 0C 03 08 04 03 00
03 0F 08 04 08 04 03 00 02 0D 03 04 08 04 02 00
02 0D 00 04 08 04 03 00 02 0D 06 02 0A 04 07 00
04 0B 04 02 0E 04 02 00 0C 0F 06 02 0E 04 02 00
0C 0E 01 03 0E 04 01 00 0C 0D 00 03 0E 04 0B 00
03 0E 03 04 0E 04 0B 00 02 0D 08 04 0E 04 0B 00
02 0D 0C 04 0E 04 0B 00 02 0D 0A 02 04 05 02 00
0C 08 0A 02 0A 05 01 00 04 02 0E 02 0A 05 02 00
0C 08 0B 02 0A 05 03 00 03 0C 01 03 0F 05 02 00
04 0A 01 0F 00 06 04 02 00 00 0B 00 0C 0F 0A 02
00 00 03 00 0C 09 01 03 00 00 02 00 04 0D 02 03
00 00 04 01 03 0F 08 04 00 00 03 00 02 0D 0D 04
00 00 03 00 02 0D 0E 02 06 00 03 00 0C 02 0E 02
0C 00 02 00 0C 08 01 05 0C 00 02 00 0A 0B 05 04
0C 00 02 00 02 0D 06 05 00 01 02 00 0A 09 0A 04
00 01 02 00 02 0D 04 02 02 01 03 00 04 08 0A 02
02 01 02 00 04 07 0D 02 02 01 03 00 0C 0C 09 05
04 01 02 00 0A 0B 0D 04 04 01 02 00 02 0D 04 02
08 01 0C 00 0C 0F 06 02 08 01 0A 00 0C 0E 01 03
08 01 01 00 0C 0D 0C 02 08 01 04 01 03 0F 08 04
08 01 04 00 02 0D 0F 04 08 01 04 00 02 0D 0B 04
08 01 04 00 02 0D 0A 02 04 02 02 00 04 02 08 04
04 02 02 00 02 0D 04 05 04 02 02 00 0A 0B 07 05
08 02 02 00 02 08 0B 04 08 02 02 00 02 0D 04 02
0A 02 03 00 0C 05 0A 02 0A 02 02 00 04 07 0C 05
0C 02 02 00 0A 0B 00 05 0C 02 02 00 02 0D 04 02
00 03 0D 00 0C 0F 0A 02 00 03 03 00 0C 09 00 03
00 03 02 00 04 0A 0B 02 00 03 03 01 03 0F 0D 04
00 03 03 00 02 0D 01 05 00 03 04 00 02 0D 08 04
00 03 03 00 02 0D 0A 02 06 03 03 00 0C 02 0A 02
0C 03 03 00 04 07 05 04 0C 03 02 00 02 0D 01 05
0C 03 02 00 0A 0B 04 05 00 04 02 00 02 08 08 04
00 04 02 00 02 0D 04 02 02 04 03 00 04 07 0D 02
02 04 03 00 0C 0C 02 03 02 04 01 00 04 0B 02 03
04 04 02 00 0C 0C 0A 04 04 04 02 00 02 0D 06 05
04 04 02 00 0A 0B 04 02 08 04 0D 00 0C 0F 02 03
08 04 02 00 0C 0F 01 03 08 04 00 01 03 0F 0F 04
08 04 02 00 02 0D 07 04 08 04 04 00 02 0D 0B 04
08 04 04 00 02 0D 0B 05 09 04 01 00 0A 0B 0C 05
0C 04 02 00 02 0A 00 05 0C 04 02 00 02 0D 04 02
0E 04 02 00 0C 0F 0D 05 00 05 01 00 0A 0B 01 05
00 05 02 00 02 0D 04 02 04 05 02 00 0C 0F 06 02
04 05 08 00 0C 0E 0E 02 04 05 02 00 0C 08 0E 05
04 05 01 00 02 0A 02 05 04 05 02 00 02 0D 0F 05
08 05 01 00 0A 08 03 05 08 05 02 00 02 0D 04 02
0A 05 0B 00 0C 0F 01 03 0A 05 02 00 0C 0D 00 03
0A 05 0A 00 03 0F 04 05 0A 05 03 00 02 0D 0F 04
0A 05 03 00 02 0D 00 06 0A 05 02 00 02 0D 09 0F
0A 05 03 00 02 0D 0F 04 0A 05 03 00 02 0D 00 06
0A 05 03 00 02 0D 0F 04 0A 05 03 00 02 0D 00 06
0A 05 02 00 02 0D 09 0F 00 06 01 0F 00 06 04 00
0B 0B 0B 02 00 04 04 00 04 0E 07 03 00 04 04 00
0B 0E 0D 02 02 04 03 00 0C 04 08 04 02 04 05 00
02 0D 03 04 02 04 05 00 02 0D 00 04 02 04 04 00
02 0D 04 02 04 04 04 00 0C 0F 00 03 04 04 05 00
03 0D 06 02 08 04 08 00 0C 0E 00 03 08 04 03 00
04 09 0C 03 08 04 03 00 03 0F 08 04 08 04 03 00
02 0D 03 04 08 04 02 00 02 0D 00 04 08 04 03 00
02 0D 06 02 0A 04 07 00 04 0B 04 02 0E 04 02 00
0C 0F 06 02 0E 04 02 00 0C 0E 01 03 0E 04 01 00
0C 0D 00 03 0E 04 0B 00 03 0E 03 04 0E 04 0B 00
02 0D 08 04 0E 04 0B 00 02 0D 0C 04 0E 04 0B 00
02 0D 0A 02 04 05 02 00 0C 08 0A 02 0A 05 01 00
04 02 0E 02 0A 05 02 00 0C 08 0B 02 0A 05 03 00
03 0C 01 03 0F 05 02 00 04 0A 01 0F 00 06 04 02
00 00 0B 00 0C 0F 0A 02 00 00 03 00 0C 09 01 03
00 00 02 00 04 0D 02 03 00 00 04 01 03 0F 08 04
00 00 03 00 02 0D 0D 04 00 00 03 00 02 0D 0E 02
06 00 03 00 0C 02 0E 02 0C 00 02 00 0C 08 01 05
0C 00 02 00 0A 0B 05 04 0C 00 02 00 02 0D 06 05
00 01 02 00 0A 09 0A 04 00 01 02 00 02 0D 04 02
02 01 03 00 04 08 0A 02 02 01 02 00 04 07 0D 02
02 01 03 00 0C 0C 09 05 04 01 02 00 0A 0B 0D 04
04 01 02 00 02 0D 04 02 08 01 0C 00 0C 0F 06 02
08 01 0A 00 0C 0E 01 03 08 01 01 00 0C 0D 0C 02
08 01 04 01 03 0F 08 04 08 01 04 00 02 0D 0F 04
08 01 04 00 02 0D 0B 04 08 01 04 00 02 0D 0A 02
04 02 02 00 04 02 08 04 04 02 02 00 02 0D 04 05
04 02 02 00 0A 0B 07 05 08 02 02 00 02 08 0B 04
08 02 02 00 02 0D 04 02 0A 02 03 00 0C 05 0A 02
0A 02 02 00 04 07 0C 05 0C 02 02 00 0A 0B 00 05
0C 02 02 00 02 0D 04 02 00 03 0D 00 0C 0F 0A 02
00 03 03 00 0C 09 00 03 00 03 02 00 04 0A 0B 02
00 03 03 01 03 0F 0D 04 00 03 03 00 02 0D 01 05
00 03 04 00 02 0D 08 04 00 03 03 00 02 0D 0A 02
06 03 03 00 0C 02 0A 02 0C 03 03 00 04 07 05 04
0C 03 02 00 02 0D 01 05 0C 03 02 00 0A 0B 04 05
00 04 02 00 02 08 08 04 00 04 02 00 02 0D 04 02
02 04 03 00 04 07 0D 02 02 04 03 00 0C 0C 02 03
02 04 01 00 04 0B 02 03 04 04 02 00 0C 0C 0A 04
04 04 02 00 02 0D 06 05 04 04 02 00 0A 0B 04 02
08 04 0D 00 0C 0F 02 03 08 04 02 00 0C 0F 01 03
08 04 00 01 03 0F 0F 04 08 04 02 00 02 0D 07 04
08 04 04 00 02 0D 0B 04 08 04 04 00 02 0D 0B 05
09 04 01 00 0A 0B 0C 05 0C 04 02 00 02 0A 00 05
0C 04 02 00 02 0D 04 02 0E 04 02 00 0C 0F 0D 05
00 05 01 00 0A 0B 01 05 00 05 02 00 02 0D 04 02
04 05 02 00 0C 0F 06 02 04 05 08 00 0C 0E 0E 02
04 05 02 00 0C 08 0E 05 04 05 01 00 02 0A 02 05
04 05 02 00 02 0D 0F 05 08 05 01 00 0A 08 03 05
08 05 02 00 02 0D 04 02 0A 05 0B 00 0C 0F 01 03
0A 05 02 00 0C 0D 00 03 0A 05 0A 00 03 0F 04 05
0A 05 03 00 02 0D 0F 04 0A 05 03 00 02 0D 00 06
0A 05 02 00 02 0D 09 0F 0A 05 03 00 02 0D 0F 04
0A 05 03 00 02 0D 00 06 0A 05 03 00 02 0D 0F 04
0A 05 03 00 02 0D 00 06 0A 05 02 00 02 0D 09 0F
00 06 01 0F 00 06 00 00 00 00 02 07 00 00 02 02
01 00 0C 0E 01 00 00 00 09 03 02 02 00 00 00 00
00 00 00 00 00 00 04 02 00 00 00 01 0C 0D 06 02
06 00 05 00 0C 00 02 03 06 00 0C 00 04 0E 06 02
0C 00 05 00 0C 01 04 02 02 01 0B 00 0C 0D 06 02
08 01 04 00 0C 00 0F 02 08 01 09 00 0C 0D 06 02
0E 01 04 00 0C 00 04 02 04 02 08 00 04 0D 0F 02
04 02 07 00 0C 0D 06 02 0A 02 05 00 04 02 04 02
00 03 0A 00 04 0E 0B 02 00 03 01 01 0C 0D 04 02
0C 03 04 00 04 0D 07 04 0C 03 06 00 02 0D 0B 02
00 04 03 00 0C 0C 0D 04 00 04 09 00 0A 0C 04 02
04 04 02 00 0C 0B 06 02 04 04 01 00 0C 06 03 05
04 04 04 00 0A 0A 06 02 08 04 0D 00 04 0D 0B 02
08 04 08 01 0B 0F 0D 04 08 04 04 00 02 0D 00 05
08 04 03 00 0A 0F 08 05 08 04 04 00 0A 0A 06 02
0A 04 0D 00 04 0D 0E 02 0A 05 02 00 04 07 01 03
0F 05 02 00 04 0A 01 0F 00 06 04 02 00 00 09 02
0C 0F 0A 02 00 00 03 00 0C 07 00 03 01 00 0B 00
0B 0F 0A 02 06 00 04 00 0C 00 0A 02 0C 00 05 00
0C 08 0C 03 0D 00 0C 00 0B 0F 0A 03 08 01 0C 00
0B 0F 08 02 08 01 0B 02 04 0E 0A 02 0E 01 04 00
0C 00 07 03 04 02 0C 00 0B 0F 0A 02 04 02 04 00
0C 08 04 02 00 03 0A 02 0C 0F 0A 02 00 03 04 00
0C 07 0A 03 01 03 0A 00 0B 0F 0A 02 06 03 04 00
0C 00 07 03 0C 03 0C 00 0B 0F 0A 02 0C 03 05 00
0C 08 08 02 08 04 08 02 04 0E 0A 03 09 04 0C 00
0B 0F 0A 02 0E 04 03 00 0C 00 0A 02 04 05 04 00
0C 08 0C 03 05 05 0B 00 0B 0F 09 0F 00 06 04 02
00 00 09 02 0C 0F 0A 02 00 00 03 00 0C 07 0A 02
06 00 04 00 0C 00 0A 02 0C 00 05 00 0C 08 0C 03
0D 00 0D 00 0B 0F 08 02 08 01 0B 02 04 0E 0A 03
09 01 0A 00 0B 0F 0A 02 0E 01 04 00 0C 00 07 03
04 02 0C 00 0B 0F 0A 02 04 02 04 00 0C 08 04 02
00 03 0A 02 0C 0F 0A 02 00 03 04 00 0C 07 05 03
01 03 08 00 0B 0F 0A 02 06 03 04 00 0C 00 03 03
0C 03 0D 00 0B 0F 0A 02 0C 03 05 00 0C 08 08 02
08 04 08 02 04 0E 00 03 09 04 0A 00 0B 0F 0A 02
0E 04 03 00 0C 00 0E 02 03 05 0C 00 0B 0F 0A 02
04 05 04 00 0C 08 01 0F 00 06 04 02 00 00 05 00
0C 0E 0A 02 00 00 05 00 0C 08 00 03 00 00 06 00
03 0C 0A 02 06 00 05 00 0C 00 0F 02 06 00 0A 00
04 0E 0C 03 06 00 06 00 0B 0C 04 05 06 00 08 00
0A 0A 0F 04 06 00 07 00 02 0D 0C 04 06 00 06 00
0A 0D 0A 02 0C 00 05 00 0C 04 00 03 0C 00 06 00
0B 0B 0B 02 02 01 03 00 0C 0B 0E 02 02 01 05 00
0C 06 0C 03 02 01 06 00 03 0B 04 02 08 01 0D 00
04 0E 06 02 08 01 0C 00 04 0A 01 03 08 01 0C 00
0C 0D 04 03 08 01 08 00 03 0C 04 05 08 01 09 00
02 0D 0F 04 08 01 08 00 02 0D 0C 04 08 01 08 00
02 0D 0A 02 04 02 05 00 0C 06 04 03 04 02 06 00
03 0D 06 02 0A 02 03 00 0C 07 0A 02 0A 02 05 00
04 07 06 02 0C 02 03 00 0C 07 04 02 00 03 0C 00
0C 0F 05 03 00 03 0B 00 0B 0D 04 05 00 03 0B 00
02 0A 0F 04 00 03 0C 00 02 0C 0D 04 00 03 0B 00
02 0C 0A 02 01 03 05 00 04 0B 0E 02 06 03 05 00
04 0C 0A 02 0C 03 05 00 0C 08 00 03 0C 03 06 00
03 0B 06 02 02 04 03 00 0C 0A 09 03 02 04 0C 00
03 0E 0F 04 02 04 07 00 02 0C 04 05 02 04 08 00
02 0B 0C 04 02 04 07 00 0A 0C 04 02 08 04 0D 00
0C 0E 06 02 08 04 02 00 04 06 06 02 0E 04 03 00
0C 03 0A 03 0E 04 06 00 0B 0A 06 02 04 05 03 00
04 0A 0A 02 04 05 03 00 04 07 0B 03 04 05 08 00
03 0A 06 02 0A 05 06 00 0C 0C 0C 03 0A 05 06 00
03 0C 01 03 0F 05 03 00 0C 0E 01 0F 00 06 04 02
00 00 07 01 0C 0F 01 03 00 00 01 00 04 0B 02 03
00 00 08 01 0B 0E 0D 04 00 00 06 01 0A 09 08 04
00 00 05 01 0A 0B 0A 02 06 00 03 00 0C 02 0A 02
0C 00 04 00 0C 09 08 02 08 01 0A 01 0C 0F 0D 02
08 01 07 01 0B 0E 03 04 08 01 08 01 02 0B 08 04
08 01 07 01 02 0C 0A 02 0E 01 03 00 0C 00 0A 02
04 02 04 00 0C 08 04 02 00 03 0F 00 0C 0F 0A 02
00 03 04 00 0C 08 0B 02 00 03 03 01 0B 0E 01 04
00 03 00 01 0A 0A 07 04 00 03 00 01 02 0D 0A 02
06 03 03 00 0C 00 0A 02 0C 03 03 00 0C 08 04 02
02 04 09 00 0C 0F 0E 02 02 04 08 00 04 0A 09 02
02 04 0B 00 0B 0E 01 04 02 04 0A 00 0A 08 0A 04
02 04 0B 00 02 0C 05 04 02 04 09 00 02 09 04 02
0E 04 09 00 0C 0F 0E 02 0E 04 09 00 0C 0C 0B 02
0E 04 05 01 0B 0E 07 04 0E 04 01 01 02 0B 01 04
0E 04 02 01 02 08 0C 04 0E 04 02 01 02 0C 06 02
0A 05 02 00 0C 05 06 02 0E 05 02 00 0C 0C 09 0F
00 06 06 02 00 00 02 00 04 0E 06 02 02 00 02 00
04 0E 06 02 0C 00 08 00 04 0E 00 03 0C 00 0A 00
0B 0E 0F 04 0C 00 07 00 0A 0B 0C 04 0C 00 07 00
02 0C 08 04 0C 00 07 00 02 0D 06 02 08 01 06 00
04 0E 00 03 08 01 06 00 0B 0E 0F 04 08 01 05 00
0A 0C 0C 04 08 01 04 00 02 0C 08 04 08 01 04 00
0A 0D 04 02 0E 01 0D 00 04 0F 04 02 0E 01 0E 00
0B 0E 04 02 00 03 06 00 0C 0F 04 02 00 03 0E 00
0B 0E 0F 02 06 03 03 00 0C 0F 0B 02 0C 03 02 00
0C 0C 04 02 02 04 02 00 04 0F 00 03 02 04 0E 00
0B 0E 04 05 02 04 07 00 0A 0B 0F 04 02 04 06 00
0A 0D 0C 04 02 04 06 00 0A 0D 01 03 03 04 02 00
0C 0D 01 0F 00 06 02 00 0C 0D 01 0F 00 06 07 00
0A 0B 0C 04 0C 00 07 00 02 0C 08 04 0C 00 07 00
02 0D 06 02 08 01 06 00 04 0E 00 03 08 01 06 00
0B 0E 0F 04 08 01 05 00 0A 0C 0C 04 08 01 04 00
02 0C 08 04 08 01 04 00 0A 0D 04 02 0E 01 0D 00
04 0F 04 02 0E 01 0E 00 0B 0E 04 02 00 03 06 00
0C 0F 04 02 00 03 0E 00 0B 0E 0F 02 06 03 03 00
0C 0F 0B 02 0C 03 02 00 0C 0C 04 02 02 04 02 00
04 0F 00 03 02 04 0E 00 0B 0E 04 05 02 04 07 00
0A 0B 0F 04 02 04 06 00 0A 0D 0C 04 02 04 06 00
0A 0D 01 03 03 04 02 00 0C 0D 04 02 00 00 05 00
0C 0E 0A 02 00 00 05 00 0C 08 00 03 00 00 06 00
03 0C 0A 02 06 00 05 00 0C 00 0F 02 06 00 0A 00
04 0E 0C 03 06 00 06 00 0B 0C 04 05 06 00 08 00
0A 0A 0F 04 06 00 07 00 02 0D 0C 04 06 00 06 00
0A 0D 0A 02 0C 00 05 00 0C 04 00 03 0C 00 06 00
0B 0B 0B 02 02 01 03 00 0C 0B 0E 02 02 01 05 00
0C 06 0C 03 02 01 06 00 03 0B 04 02 08 01 0D 00
04 0E 06 02 08 01 0C 00 04 0A 01 03 08 01 0C 00
0C 0D 04 03 08 01 08 00 03 0C 04 05 08 01 09 00
02 0D 0F 04 08 01 08 00 02 0D 0C 04 08 01 08 00
02 0D 0A 02 04 02 05 00 0C 06 04 03 04 02 06 00
03 0D 06 02 0A 02 03 00 0C 07 0A 02 0A 02 05 00
04 07 06 02 0C 02 03 00 0C 07 04 02 00 03 0C 00
0C 0F 05 03 00 03 0B 00 0B 0D 04 05 00 03 0B 00
02 0A 0F 04 00 03 0C 00 02 0C 0D 04 00 03 0B 00
02 0C 0A 02 01 03 05 00 04 0B 0E 02 06 03 05 00
04 0C 0A 02 0C 03 05 00 0C 08 00 03 0C 03 06 00
03 0B 06 02 02 04 03 00 0C 0A 09 03 02 04 0C 00
03 0E 0F 04 02 04 07 00 02 0C 04 05 02 04 08 00
02 0B 0C 04 02 04 07 00 0A 0C 04 02 08 04 0D 00
0C 0E 06 02 08 04 02 00 04 06 06 02 0E 04 03 00
0C 03 0A 03 0E 04 06 00 0B 0A 06 02 04 05 03 00
04 0A 0A 02 04 05 03 00 04 07 0B 03 04 05 08 00
03 0A 06 02 0A 05 06 00 0C 0C 0C 03 0A 05 06 00
03 0C 01 03 0F 05 03 00 0C 0E 01 0F 00 06 04 02
00 00 07 01 0C 0F 01 03 00 00 01 00 04 0B 02 03
00 00 08 01 0B 0E 0D 04 00 00 06 01 0A 09 08 04
00 00 05 01 0A 0B 0A 02 06 00 03 00 0C 02 0A 02
0C 00 04 00 0C 09 08 02 08 01 0A 01 0C 0F 0D 02
08 01 07 01 0B 0E 03 04 08 01 08 01 02 0B 08 04
08 01 07 01 02 0C 0A 02 0E 01 03 00 0C 00 0A 02
04 02 04 00 0C 08 04 02 00 03 0F 00 0C 0F 0A 02
00 03 04 00 0C 08 0B 02 00 03 03 01 0B 0E 01 04
00 03 00 01 0A 0A 07 04 00 03 00 01 02 0D 0A 02
06 03 03 00 0C 00 0A 02 0C 03 03 00 0C 08 04 02
02 04 09 00 0C 0F 0E 02 02 04 08 00 04 0A 09 02
02 04 0B 00 0B 0E 01 04 02 04 0A 00 0A 08 0A 04
02 04 0B 00 02 0C 05 04 02 04 09 00 02 09 04 02
0E 04 09 00 0C 0F 0E 02 0E 04 09 00 0C 0C 0B 02
0E 04 05 01 0B 0E 07 04 0E 04 01 01 02 0B 01 04
0E 04 02 01 02 08 0C 04 0E 04 02 01 02 0C 06 02
0A 05 02 00 0C 05 06 02 0E 05 02 00 0C 0C 09 0F
00 06 06 02 00 00 02 00 04 0E 06 02 02 00 02 00
04 0E 06 02 0C 00 08 00 04 0E 00 03 0C 00 0A 00
0B 0E 0F 04 0C 00 07 00 0A 0B 0C 04 0C 00 07 00
02 0C 08 04 0C 00 07 00 02 0D 06 02 08 01 06 00
04 0E 00 03 08 01 06 00 0B 0E 0F 04 08 01 05 00
0A 0C 0C 04 08 01 04 00 02 0C 08 04 08 01 04 00
0A 0D 04 02 0E 01 0D 00 04 0F 04 02 0E 01 0E 00
0B 0E 04 02 00 03 06 00 0C 0F 04 02 00 03 0E 00
0B 0E 0F 02 06 03 03 00 0C 0F 0B 02 0C 03 02 00
0C 0C 04 02 02 04 02 00 04 0F 00 03 02 04 0E 00
0B 0E 04 05 02 04 07 00 0A 0B 0F 04 02 04 06 00
0A 0D 0C 04 02 04 06 00 0A 0D 01 03 03 04 02 00
0C 0D 01 0F 00 06 00 00 00 00 02 00 00 00 06 00
00 00 0C 01 00 00 00 00 08 03 08 01 00 00 00 00
00 00 00 00 00 00 01 0F 08 04 09 0F 08 04 01 0F
08 04 08 0F 00 03 08 00 0C 08 08 0F 00 03 0C 00
02 0D 08 0F 00 03 0C 00 02 0C 08 0F 0C 03 0B 00
0A 0E 08 0F 0C 03 0C 00 0A 0E 01 0F 08 04 09 0F
08 04 08 0F 00 00 09 00 04 0B 08 0F 00 00 0A 00
0B 0F 08 0F 00 00 06 00 0A 0F 08 0F 00 00 0A 00
0A 0F 08 0F 00 00 0A 00 0A 0F 01 0F 08 04 09 0F
08 04 08 0F 00 00 09 00 04 0B 08 0F 00 00 0A 00
0B 0F 08 0F 00 00 06 00 0A 0F 08 0F 00 00 0A 00
0A 0F 08 0F 00 00 0A 00 0A 0F 01 0F 08 04 08 0F
04 02 0B 00 0A 08 08 0F 00 03 06 00 0C 0B 08 0F
00 03 08 00 03 0D 08 0F 00 03 05 00 0A 0F 08 0F
00 03 0C 00 0A 0D 08 0F 00 03 0B 00 02 0A 08 0F
0C 03 0C 00 0A 0F 08 0F 0C 03 0B 00 0A 0D 09 0F
08 04 08 0F 00 00 09 00 04 0B 08 0F 00 00 0A 00
0B 0F 08 0F 00 00 06 00 0A 0F 08 0F 00 00 0A 00
0A 0F 08 0F 00 00 0A 00 0A 0F 01 0F 08 04 0A 00
0A 0F 01 0F 08 04 06 00 0A 0F 08 0F 00 00 0A 00
0A 0F 08 0F 00 00 0A 00 0A 0F 01 0F 08 04 06 03
00 03 06 00 0C 0B 0B 02 00 03 08 00 03 0D 01 04
00 03 05 00 0A 0F 02 05 00 03 0C 00 0A 0D 02 04
00 03 0B 00 02 0A 03 05 0C 03 0C 00 0A 0F 03 04
0C 03 0B 00 0A 0D 09 0F 08 04 01 03 00 00 09 00
04 0B 00 03 00 00 0A 00 0B 0F 00 04 00 00 06 00
0A 0F 04 05 00 00 0A 00 0A 0F 08 04 00 00 0A 00
0A 0F 01 0F 08 04 09 00 04 0B 00 03 00 00 0A 00
0B 0F 00 04 00 00 06 00 0A 0F 04 05 00 00 0A 00
0A 0F 08 04 00 00 0A 00 0A 0F 01 0F 08 04 09 0F
08 04 01 03 00 00 09 00 04 0B 00 03 00 00 0A 00
0B 0F 00 04 00 00 06 00 0A 0F 04 05 00 00 0A 00
0A 0F 08 04 00 00 0A 00 0A 0F 01 0F 08 04 01 05
04 02 0C 00 0A 0C 01 04 04 02 0B 00 0A 08 06 03
00 03 06 00 0C 0B 0B 02 00 03 08 00 03 0D 01 04
00 03 05 00 0A 0F 02 05 00 03 0C 00 0A 0D 02 04
00 03 0B 00 02 0A 03 05 0C 03 0C 00 0A 0F 03 04
0C 03 0B 00 0A 0D 09 0F 08 04 01 03 00 00 09 00
04 0B 00 03 00 00 0A 00 0B 0F 00 04 00 00 06 00
0A 0F 04 05 00 00 0A 00 0A 0F 08 04 00 00 0A 00
0A 0F 01 0F 08 04 0A 02 00 00 00 00 00 00 00 00
00 00 00 00 00 00 00 00 00 00 00 00 00 00 00 00
00 00 00 00 00 00 00 00 00 00 00 00 00 00 00 00
00 00 00 00 00 00 00 00 00 00 00 00 00 00 00 00
00 00 00 00 00 00 00 00 00 00 00 00 00 00 00 00
00 00 00 00 00 00 00 00 00 00 00 00 00 00 00 00
00 00 00 00 00 00 00 00 00 00 00 00 00 00 00 00
00 00 00 00 00 00 00 00 00 00 00 00 00 00 00 00
00 00 00 00 00 00 00 00 00 00 00 00 00 00 00 00
00 00 00 00 00 00 00 00 00 00 00 00 00 00 00 00
00 00 00 00 00 00 00 00 00 00 00 00 00 00 00 00
00 00 00 00 00 00 00 00 00 00 00 00 00 00 00 00
00 00 00 00 00 00 00 00 00 00 00 00 00 00 00 00
00 00 00 00 00 00 00 00 00 00 00 00 00 00 00 00
00 00 00 00 00 00 00 00 00 00 00 00 00 00 00 00
00 00 00 00 00 00 00 00 00 00 00 00 00 00 00 00
00 00 00 00 00 00 00 00 00 00 00 00 00 00 00 00
00 00 00 00 00 00 00 00 00 00 00 00 00 00 00 00
00 00 00 00 00 00 00 00 00 00 00 00 00 00 00 00
00 00 00 00 00 00 00 00 00 00 00 00 00 00 00 00
00 00 00 00 00 00 00 00 00 00 00 00 00 00 00 00
00 00 00 00 00 00 00 00 00 00 00 00 00 00 00 00
00 00 00 00 00 00 00 00 00 00 00 00 00 00 00 00
00 00 00 00 00 00 00 00 00 00 00 00 00 00 00 00
00 00 00 00 00 00 00 00 00 00 00 00 00 00 00 00
00 00 00 00 00 00 00 00 00 00 00 00 00 00 00 00
00 00 00 00 00 00 00 00 00 00 00 00 00 00 00 00
00 00 00 00 00 00 00 00 00 00 00 00 00 00 00 00
00 00 00 00 00 00 00 00 00 00 00 00 00 00 00 00
00 00 00 00 00 00 00 00 00 00 00 00 00 00 00 00
00 00 00 00 00 00 00 00 00 00 00 00 00 00 00 00
00 00 00 00 00 00 00 00 00 00 00 00 00 00 00 00
00 00 00 00 00 00 00 00 00 00 00 00 00 00 00 00
00 00 00 00 00 00 00 00 00 00 00 00 00 00 00 00
00 00 00 00 00 00 00 00 00 00 00 00 00 00 00 00
00 00 00 00 00 00 00 00 00 00 00 00 00 00 00 00
00 00 00 00 00 00 00 00 00 00 00 00 00 00 00 00
00 00 00 00 00 00 00 00 00 00 00 00 00 00 00 00
00 00 00 00 00 00 00 00 00 00 00 00 00 00 00 00
00 00 00 00 00 00 00 00 00 00 00 00 00 00 00 00
00 00 00 00 00 00 00 00 00 00 00 00 00 00 00 00
00 00 00 00 00 00 00 00 00 00 00 00 00 00 00 00
00 00 00 00 00 00 00 00 00 00 00 00 00 00 00 00
00 00 00 00 00 00 00 00 00 00 00 00 00 00 00 00
00 00 00 00 00 00 00 00 00 00 00 00 00 00 00 00
00 00 00 00 00 00 00 00 00 00 00 00 00 00 00 00
00 00 00 00 00 00 00 00 00 00 00 00 00 00 00 00
00 00 00 00 00 00 00 00 00 00 00 00 00 00 00 00
00 00 00 00 00 00 00 00 00 00 00 00 00 00 00 00
00 00 00 00 00 00 00 00 00 00 00 00 00 00 00 00
00 00 00 00 00 00 00 00 00 00 00 00 00 00 00 00
00 00 00 00 00 00 00 00 00 00 00 00 00 00 00 00
00 00 00 00 00 00 00 00 00 00 00 00 00 00 00 00
00 00 00 00 00 00 00 00 00 00 00 00 00 00 00 00
00 00 00 00 00 00 00 00 00 00 00 00 00 00 00 00
00 00 00 00 00 00 00 00 00 00 00 00 00 00 00 00
00 00 00 00 00 00 00 00 00 00 00 00 00 00 00 00
00 00 00 00 00 00 00 00 00 00 00 00 00 00 00 00
00 00 00 00 00 00 00 00 00 00 00 00 00 00 00 00
00 00 00 00 00 00 00 00 00 00 00 00 00 00 00 00
00 00 00 00 00 00 00 00 00 00 00 00 00 00 00 00
00 00 00 00 00 00 00 00 00 00 00 00 00 00 00 00
00 00 00 00 00 00 00 00 00 00 00 00 00 00 00 00
00 00 00 00 00 00 00 00 00 00 00 00 00 00 00 00
00 00 00 00 00 00 00 00 00 00 00 00 00 00 00 00
00 00 00 00 00 00 00 00 00 00 00 00 00 00 00 00
00 00 00 00 00 00 00 00 00 00 00 00 00 00 00 00
00 00 00 00 00 00 00 00 00 00 00 00 00 00 00 00
00 00 00 00 00 00 00 00 00 00 00 00 00 00 00 00
00 00 00 00 00 00 00 00 00 00 00 00 00 00 00 00
00 00 00 00 00 00 00 00 00 00 00 00 00 00 00 00
00 00 00 00 00 00 00 00 00 00 00 00 00 00 00 00
00 00 00 00 00 00 00 00 00 00 00 00 00 00 00 00
00 00 00 00 00 00 00 00 00 00 00 00 00 00 00 00
00 00 00 00 00 00 00 00 00 00 00 00 00 00 00 00
00 00 00 00 00 00 00 00 00 00 00 00 00 00 00 00
00 00 00 00 00 00 00 00 00 00 00 00 00 00 00 00
00 00 00 00 00 00 00 00 00 00 00 00 00 00 00 00
00 00 00 00 00 00 00 00 00 00 00 00 00 00 00 00
00 00 00 00 00 00 00 00 00 00 00 00 00 00 00 00
00 00 00 00 00 00 00 00 00 00 00 00 00 00 00 00
00 00 00 00 00 00 00 00 00 00 00 00 00 00 00 00
00 00 00 00 00 00 00 00 00 00 00 00 00 00 00 00
00 00 00 00 00 00 00 00 00 00 00 00 00 00 00 00
00 00 00 00 00 00 00 00 00 00 00 00 00 00 00 00
00 00 00 00 00 00 00 00 00 00 00 00 00 00 00 00
00 00 00 00 00 00 00 00 00 00 00 00 00 00 00 00
00 00 00 00 00 00 00 00 00 00 00 00 00 00 00 00
00 00 00 00 00 00 00 00 00 00 00 00 00 00 00 00
00 00 00 00 00 00 00 00 00 00 00 00 00 00 00 00
00 00 00 00 00 00 00 00 00 00 00 00 00 00 00 00
00 00 00 00 00 00 00 00 00 00 00 00 00 00 00 00
00 00 00 00 00 00 00 00 00 00 00 00 00 00 00 00
00 00 00 00 00 00 00 00 00 00 00 00 00 00 00 00
00 00 00 00 00 00 00 00 00 00 00 00 00 00 00 00
00 00 00 00 00 00 00 00 00 00 00 00 00 00 00 00
00 00 00 00 00 00 00 00 00 00 00 00 00 00 00 00
00 00 06 03 00 00 0C 00 04 0F 0E 02 00 00 0C 00
04 0B 00 03 00 00 04 00 0B 0F 0C 04 00 00 08 00
02 0B 04 05 00 00 08 00 02 0E 08 04 00 00 08 00
0A 0D 08 04 0C 00 0C 00 0A 08 09 03 0C 00 0C 00
02 07 0A 02 08 01 05 00 04 05 0A 04 08 01 0C 00
0A 09 0A 03 08 01 0C 00 0A 08 0C 04 04 02 0C 00
0A 0B 0C 03 04 02 0C 00 0A 09 0A 02 00 03 08 00
0C 08 0D 04 00 03 0C 00 02 0D 0E 03 00 03 0C 00
02 0C 0F 04 0C 03 0B 00 0A 0E 00 04 0C 03 0C 00
0A 0E 01 0F 08 04 06 03 00 00 0A 00 0C 0E 0E 02
00 00 0A 00 0C 0A 0F 02 00 00 0A 00 0B 0F 03 04
00 00 09 00 02 0F 0E 03 00 00 09 00 02 0E 03 05
00 00 09 00 02 0E 0A 02 08 01 08 00 04 06 0F 04
08 01 0C 00 02 0B 00 04 08 01 0C 00 0A 07 01 05
04 02 0C 00 0A 0C 01 04 04 02 0B 00 0A 08 06 03
00 03 09 0F 08 04 01 0F 08 04 08 0F 00 03 08 00
0C 08 08 0F 00 03 0C 00 02 0D 08 0F 00 03 0C 00
02 0C 08 0F 0C 03 0B 00 0A 0E 08 0F 0C 03 0C 00
0A 0E 01 0F 08 04 09 0F 08 04 08 0F 00 00 09 00
04 0B 08 0F 00 00 0A 00 0B 0F 08 0F 00 00 06 00
0A 0F 08 0F 00 00 0A 00 0A 0F 08 0F 00 00 0A 00
0A 0F 01 0F 08 04 00 00 00 00 02 00 00 00 06 00
00 00 0C 01 00 00 00 00 08 03 08 01 00 00 00 00
00 00 00 00 00 00 01 0F 08 04 09 0F 08 04 01 0F
08 04 08 0F 00 03 08 00 0C 08 08 0F 00 03 0C 00
02 0D 08 0F 00 03 0C 00 02 0C 08 0F 0C 03 0B 00
0A 0E 08 0F 0C 03 0C 00 0A 0E 01 0F 08 04 09 0F
08 04 08 0F 00 00 09 00 04 0B 08 0F 00 00 0A 00
0B 0F 08 0F 00 00 06 00 0A 0F 08 0F 00 00 0A 00
0A 0F 08 0F 00 00 0A 00 0A 0F 01 0F 08 04 09 0F
08 04 08 0F 00 00 09 00 04 0B 08 0F 00 00 0A 00
0B 0F 08 0F 00 00 06 00 0A 0F 08 0F 00 00 0A 00
0A 0F 08 0F 00 00 0A 00 0A 0F 01 0F 08 04 08 0F
04 02 0B 00 0A 08 08 0F 00 03 06 00 0C 0B 08 0F
00 03 08 00 03 0D 08 0F 00 03 05 00 0A 0F 08 0F
00 03 0C 00 0A 0D 08 0F 00 03 0B 00 02 0A 08 0F
0C 03 0C 00 0A 0F 08 0F 0C 03 0B 00 0A 0D 09 0F
08 04 08 0F 00 00 09 00 04 0B 08 0F 00 00 0A 00
0B 0F 08 0F 00 00 06 00 0A 0F 08 0F 00 00 0A 00
0A 0F 08 0F 00 00 0A 00 0A 0F 01 0F 08 04 0A 00
0A 0F 01 0F 08 04 06 00 0A 0F 08 0F 00 00 0A 00
0A 0F 08 0F 00 00 0A 00 0A 0F 01 0F 08 04 06 03
00 03 06 00 0C 0B 0B 02 00 03 08 00 03 0D 01 04
00 03 05 00 0A 0F 02 05 00 03 0C 00 0A 0D 02 04
00 03 0B 00 02 0A 03 05 0C 03 0C 00 0A 0F 03 04
0C 03 0B 00 0A 0D 09 0F 08 04 01 03 00 00 09 00
04 0B 00 03 00 00 0A 00 0B 0F 00 04 00 00 06 00
0A 0F 04 05 00 00 0A 00 0A 0F 08 04 00 00 0A 00
0A 0F 01 0F 08 04 09 00 04 0B 00 03 00 00 0A 00
0B 0F 00 04 00 00 06 00 0A 0F 04 05 00 00 0A 00
0A 0F 08 04 00 00 0A 00 0A 0F 01 0F 08 04 09 0F
08 04 01 03 00 00 09 00 04 0B 00 03 00 00 0A 00
0B 0F 00 04 00 00 06 00 0A 0F 04 05 00 00 0A 00
0A 0F 08 04 00 00 0A 00 0A 0F 01 0F 08 04 01 05
04 02 0C 00 0A 0C 01 04 04 02 0B 00 0A 08 06 03
00 03 06 00 0C 0B 0B 02 00 03 08 00 03 0D 01 04
00 03 05 00 0A 0F 02 05 00 03 0C 00 0A 0D 02 04
00 03 0B 00 02 0A 03 05 0C 03 0C 00 0A 0F 03 04
0C 03 0B 00 0A 0D 09 0F 08 04 01 03 00 00 09 00
04 0B 00 03 00 00 0A 00 0B 0F 00 04 00 00 06 00
0A 0F 04 05 00 00 0A 00 0A 0F 08 04 00 00 0A 00
0A 0F 01 0F 08 04 0A 02 00 00 00 00 00 00 00 00
00 00 00 00 00 00 00 00 00 00 00 00 00 00 00 00
00 00 00 00 00 00 00 00 00 00 00 00 00 00 00 00
00 00 00 00 00 00 00 00 00 00 00 00 00 00 00 00
00 00 00 00 00 00 00 00 00 00 00 00 00 00 00 00
00 00 00 00 00 00 00 00 00 00 00 00 00 00 00 00
00 00 00 00 00 00 00 00 00 00 00 00 00 00 00 00
00 00 00 00 00 00 00 00 00 00 00 00 00 00 00 00
00 00 00 00 00 00 00 00 00 00 00 00 00 00 00 00
00 00 00 00 00 00 00 00 00 00 00 00 00 00 00 00
00 00 00 00 00 00 00 00 00 00 00 00 00 00 00 00
00 00 00 00 00 00 00 00 00 00 00 00 00 00 00 00
00 00 00 00 00 00 00 00 00 00 00 00 00 00 00 00
00 00 00 00 00 00 00 00 00 00 00 00 00 00 00 00
00 00 00 00 00 00 00 00 00 00 00 00 00 00 00 00
00 00 00 00 00 00 00 00 00 00 00 00 00 00 00 00
00 00 00 00 00 00 00 00 00 00 00 00 00 00 00 00
00 00 00 00 00 00 00 00 00 00 00 00 00 00 00 00
00 00 00 00 00 00 00 00 00 00 00 00 00 00 00 00
00 00 00 00 00 00 00 00 00 00 00 00 00 00 00 00
00 00 00 00 00 00 00 00 00 00 00 00 00 00 00 00
00 00 00 00 00 00 00 00 00 00 00 00 00 00 00 00
00 00 00 00 00 00 00 00 00 00 00 00 00 00 00 00
00 00 00 00 00 00 00 00 00 00 00 00 00 00 00 00
00 00 00 00 00 00 00 00 00 00 00 00 00 00 00 00
00 00 00 00 00 00 00 00 00 00 00 00 00 00 00 00
00 00 00 00 00 00 00 00 00 00 00 00 00 00 00 00
00 00 00 00 00 00 00 00 00 00 00 00 00 00 00 00
00 00 00 00 00 00 00 00 00 00 00 00 00 00 00 00
00 00 00 00 00 00 00 00 00 00 00 00 00 00 00 00
00 00 00 00 00 00 00 00 00 00 00 00 00 00 00 00
00 00 00 00 00 00 00 00 00 00 00 00 00 00 00 00
00 00 00 00 00 00 00 00 00 00 00 00 00 00 00 00
00 00 00 00 00 00 00 00 00 00 00 00 00 00 00 00
00 00 00 00 00 00 00 00 00 00 00 00 00 00 00 00
00 00 00 00 00 00 00 00 00 00 00 00 00 00 00 00
00 00 00 00 00 00 00 00 00 00 00 00 00 00 00 00
00 00 00 00 00 00 00 00 00 00 00 00 00 00 00 00
00 00 00 00 00 00 00 00 00 00 00 00 00 00 00 00
00 00 00 00 00 00 00 00 00 00 00 00 00 00 00 00
00 00 00 00 00 00 00 00 00 00 00 00 00 00 00 00
00 00 00 00 00 00 00 00 00 00 00 00 00 00 00 00
00 00 00 00 00 00 00 00 00 00 00 00 00 00 00 00
00 00 00 00 00 00 00 00 00 00 00 00 00 00 00 00
00 00 00 00 00 00 00 00 00 00 00 00 00 00 00 00
00 00 00 00 00 00 00 00 00 00 00 00 00 00 00 00
00 00 00 00 00 00 00 00 00 00 00 00 00 00 00 00
00 00 00 00 00 00 00 00 00 00 00 00 00 00 00 00
00 00 00 00 00 00 00 00 00 00 00 00 00 00 00 00
00 00 00 00 00 00 00 00 00 00 00 00 00 00 00 00
00 00 00 00 00 00 00 00 00 00 00 00 00 00 00 00
00 00 00 00 00 00 00 00 00 00 00 00 00 00 00 00
00 00 00 00 00 00 00 00 00 00 00 00 00 00 00 00
00 00 00 00 00 00 00 00 00 00 00 00 00 00 00 00
00 00 00 00 00 00 00 00 00 00 00 00 00 00 00 00
00 00 00 00 00 00 00 00 00 00 00 00 00 00 00 00
00 00 00 00 00 00 00 00 00 00 00 00 00 00 00 00
00 00 00 00 00 00 00 00 00 00 00 00 00 00 00 00
00 00 00 00 00 00 00 00 00 00 00 00 00 00 00 00
00 00 00 00 00 00 00 00 00 00 00 00 00 00 00 00
00 00 00 00 00 00 00 00 00 00 00 00 00 00 00 00
00 00 00 00 00 00 00 00 00 00 00 00 00 00 00 00
00 00 00 00 00 00 00 00 00 00 00 00 00 00 00 00
00 00 00 00 00 00 00 00 00 00 00 00 00 00 00 00
00 00 00 00 00 00 00 00 00 00 00 00 00 00 00 00
00 00 00 00 00 00 00 00 00 00 00 00 00 00 00 00
00 00 00 00 00 00 00 00 00 00 00 00 00 00 00 00
00 00 00 00 00 00 00 00 00 00 00 00 00 00 00 00
00 00 00 00 00 00 00 00 00 00 00 00 00 00 00 00
00 00 00 00 00 00 00 00 00 00 00 00 00 00 00 00
00 00 00 00 00 00 00 00 00 00 00 00 00 00 00 00
00 00 00 00 00 00 00 00 00 00 00 00 00 00 00 00
00 00 00 00 00 00 00 00 00 00 00 00 00 00 00 00
00 00 00 00 00 00 00 00 00 00 00 00 00 00 00 00
00 00 00 00 00 00 00 00 00 00 00 00 00 00 00 00
00 00 00 00 00 00 00 00 00 00 00 00 00 00 00 00
00 00 00 00 00 00 00 00 00 00 00 00 00 00 00 00
00 00 00 00 00 00 00 00 00 00 00 00 00 00 00 00
00 00 00 00 00 00 00 00 00 00 00 00 00 00 00 00
00 00 00 00 00 00 00 00 00 00 00 00 00 00 00 00
00 00 00 00 00 00 00 00 00 00 00 00 00 00 00 00
00 00 00 00 00 00 00 00 00 00 00 00 00 00 00 00
00 00 00 00 00 00 00 00 00 00 00 00 00 00 00 00
00 00 00 00 00 00 00 00 00 00 00 00 00 00 00 00
00 00 00 00 00 00 00 00 00 00 00 00 00 00 00 00
00 00 00 00 00 00 00 00 00 00 00 00 00 00 00 00
00 00 00 00 00 00 00 00 00 00 00 00 00 00 00 00
00 00 00 00 00 00 00 00 00 00 00 00 00 00 00 00
00 00 00 00 00 00 00 00 00 00 00 00 00 00 00 00
00 00 00 00 00 00 00 00 00 00 00 00 00 00 00 00
00 00 00 00 00 00 00 00 00 00 00 00 00 00 00 00
00 00 00 00 00 00 00 00 00 00 00 00 00 00 00 00
00 00 00 00 00 00 00 00 00 00 00 00 00 00 00 00
00 00 00 00 00 00 00 00 00 00 00 00 00 00 00 00
00 00 00 00 00 00 00 00 00 00 00 00 00 00 00 00
00 00 00 00 00 00 00 00 00 00 00 00 00 00 00 00
00 00 00 00 00 00 00 00 00 00 00 00 00 00 00 00
00 00 06 03 00 00 0C 00 04 0F 0E 02 00 00 0C 00
04 0B 00 03 00 00 04 00 0B 0F 0C 04 00 00 08 00
02 0B 04 05 00 00 08 00 02 0E 08 04 00 00 08 00
0A 0D 08 04 0C 00 0C 00 0A 08 09 03 0C 00 0C 00
02 07 0A 02 08 01 05 00 04 05 0A 04 08 01 0C 00
0A 09 0A 03 08 01 0C 00 0A 08 0C 04 04 02 0C 00
0A 0B 0C 03 04 02 0C 00 0A 09 0A 02 00 03 08 00
0C 08 0D 04 00 03 0C 00 02 0D 0E 03 00 03 0C 00
02 0C 0F 04 0C 03 0B 00 0A 0E 00 04 0C 03 0C 00
0A 0E 01 0F 08 04 06 03 00 00 0A 00 0C 0E 0E 02
00 00 0A 00 0C 0A 0F 02 00 00 0A 00 0B 0F 03 04
00 00 09 00 02 0F 0E 03 00 00 09 00 02 0E 03 05
00 00 09 00 02 0E 0A 02 08 01 08 00 04 06 0F 04
08 01 0C 00 02 0B 00 04 08 01 0C 00 0A 07 01 05
04 02 0C 00 0A 0C 01 04 04 02 0B 00 0A 08 06 03
00 03 09 0F 08 04 01 0F 08 04 08 0F 00 03 08 00
0C 08 08 0F 00 03 0C 00 02 0D 08 0F 00 03 0C 00
02 0C 08 0F 0C 03 0B 00 0A 0E 08 0F 0C 03 0C 00
0A 0E 01 0F 08 04 09 0F 08 04 08 0F 00 00 09 00
04 0B 08 0F 00 00 0A 00 0B 0F 08 0F 00 00 06 00
0A 0F 08 0F 00 00 0A 00 0A 0F 08 0F 00 00 0A 00
0A 0F 01 0F 08 04 00 00 00 00 02 02 00 00 0A 07
00 00 04 00 01 00 07 00 09 03 00 00 00 00 00 00
00 00 00 00 00 00 0A 02 00 00 04 00 04 04 0A 02
08 01 05 00 04 04 0A 02 00 03 03 00 04 04 06 02
0B 03 03 00 04 01 06 02 0D 03 03 00 04 05 06 02
02 04 04 00 0C 0C 06 02 08 04 05 00 0C 0F 04 02
04 05 05 00 04 0F 01 0F 00 06 00 03 02 00 0C 00
0B 0F 0A 03 03 01 04 00 0B 0F 0C 03 06 01 04 00
0B 0F 07 03 07 02 03 00 0B 0F 0A 03 0A 02 04 00
0B 0F 07 03 0D 02 02 00 0B 0F 0C 02 01 03 0C 00
0B 0F 06 03 02 04 04 00 0B 0F 08 03 05 04 04 00
0B 0F 0E 02 08 05 03 00 0B 0F 0F 02 0E 05 03 00
0B 0F 00 03 00 06 0D 00 0B 0F 09 0F 00 06 0A 03
02 01 04 00 0B 0F 0C 03 06 01 03 00 0B 0F 07 03
08 02 02 00 0B 0F 0A 03 0B 02 03 00 0B 0F 07 03
0E 02 02 00 0B 0F 0C 02 01 03 0E 00 0B 0F 06 03
02 04 04 00 0B 0F 08 03 05 04 04 00 0B 0F 0E 02
09 05 03 00 0B 0F 01 0F 00 06 04 02 00 00 01 00
0C 0F 01 03 00 00 09 00 0C 0B 00 03 00 00 0D 00
03 0B 0C 03 00 00 04 00 0A 0B 03 04 01 00 04 00
0A 09 0C 04 01 00 04 00 02 09 0C 03 0C 00 04 00
0B 0D 0C 03 0C 00 06 00 02 0E 03 04 0D 00 03 00
0A 0E 0C 04 0D 00 04 00 0A 0C 06 02 08 01 04 00
0C 04 00 03 08 01 0D 00 03 0B 06 02 04 02 04 00
0C 0B 07 03 04 02 04 00 0B 0D 0C 03 04 02 04 00
02 09 0C 04 04 02 04 00 02 0B 03 04 04 02 03 00
02 09 06 0F 0F 02 00 02 03 00 04 02 00 03 09 00
0C 0E 06 02 00 03 04 00 04 0F 00 03 00 03 05 01
03 0B 06 0F 0B 03 00 04 03 00 04 02 0C 03 07 00
0C 0F 02 03 0C 03 07 00 0C 0E 0C 03 0C 03 04 00
0A 09 03 04 0C 03 03 00 0A 09 0C 04 0C 03 03 00
0A 0B 04 02 08 04 08 00 0C 0F 0F 02 08 04 08 00
0C 0F 00 03 08 04 0D 00 03 0B 0C 04 09 04 04 00
02 0D 03 04 09 04 03 00 02 0E 0B 02 04 05 0A 00
0C 0F 0C 03 04 05 04 00 0B 0D 01 0F 00 06 04 02
00 00 01 00 0C 0F 00 03 00 00 0D 00 0B 0A 0E 02
0C 00 01 00 04 09 0C 03 0C 00 04 00 0B 0D 0F 04
0C 00 03 00 02 0D 08 04 0C 00 04 00 02 0C 08 05
0D 00 05 00 02 0C 06 02 08 01 01 00 04 0F 0F 02
08 01 0D 00 03 0C 0A 02 04 02 01 00 0C 06 0B 03
04 02 04 00 0B 0D 07 04 04 02 04 00 02 0C 06 05
04 02 03 00 02 0A 0F 04 04 02 02 00 02 0B 04 02
00 03 01 00 0C 0F 0E 02 00 03 0C 00 03 09 06 05
00 03 03 00 02 0B 07 04 00 03 03 00 0A 0C 0F 04
00 03 03 00 02 0C 06 02 0C 03 04 00 04 0A 0A 03
0C 03 05 00 0B 0D 0F 04 0C 03 03 00 0A 0C 08 04
0C 03 03 00 02 0D 08 05 0C 03 02 00 0A 0D 06 02
08 04 06 00 04 0F 0D 02 08 04 09 00 0B 0A 04 02
04 05 07 00 0C 0F 01 03 04 05 08 00 04 0C 05 03
04 05 08 00 03 0D 05 04 04 05 05 00 0A 0B 0D 04
05 05 03 00 0A 0B 04 05 05 05 04 00 0A 0B 09 0F
00 06 02 03 0B 00 05 00 04 0B 02 03 0C 00 07 00
04 0F 05 03 0C 00 08 00 0B 0C 04 04 0C 00 08 00
0A 0B 04 05 0D 00 06 00 0A 0C 0D 04 0D 00 05 00
0A 0C 0F 02 08 01 08 00 04 0F 04 02 04 02 04 02
0C 0F 01 03 04 02 04 02 0C 0B 00 03 04 02 01 03
0B 0C 08 04 04 02 03 03 02 0D 0C 04 05 02 03 03
0A 0B 04 05 05 02 03 03 0A 0B 01 0F 00 06 06 05
00 03 03 00 02 0B 07 04 00 03 03 00 0A 0C 0F 04
00 03 03 00 02 0C 06 02 0C 03 04 00 04 0A 0A 03
0C 03 05 00 0B 0D 0F 04 0C 03 03 00 0A 0C 08 04
0C 03 03 00 02 0D 08 05 0C 03 02 00 0A 0D 06 02
08 04 06 00 04 0F 0D 02 08 04 09 00 0B 0A 04 02
04 05 07 00 0C 0F 01 03 04 05 08 00 04 0C 05 03
04 05 08 00 03 0D 05 04 04 05 05 00 0A 0B 0D 04
05 05 03 00 0A 0B 04 05 05 05 04 00 0A 0B 09 0F
00 06 02 03 0B 00 05 00 04 0B 02 03 0C 00 07 00
04 0F 05 03 0C 00 08 00 0B 0C 04 04 0C 00 08 00
0A 0B 04 05 0D 00 06 00 0A 0C 0D 04 0D 00 05 00
0A 0C 0F 02 08 01 08 00 04 0F 04 02 04 02 04 02
0C 0F 01 03 04 02 04 02 0C 0B 00 03 04 02 01 03
0B 0C 08 04 04 02 03 03 02 0D 0C 04 05 02 03 03
0A 0B 04 05 05 02 03 03 0A 0B 01 0F 00 06 0A 02
00 00 03 00 0C 00 0A 02 0C 03 03 00 0C 08 04 02
02 04 09 00 0C 0F 0E 02 02 04 08 00 04 0A 09 02
02 04 0B 00 0B 0E 01 04 02 04 0A 00 0A 08 0A 04
02 04 0B 00 02 0C 05 04 02 04 09 00 02 09 04 02
0E 04 09 00 0C 0F 0E 02 0E 04 09 00 0C 0C 0B 02
0E 04 05 01 0B 0E 07 04 0E 04 01 01 02 0B 01 04
0E 04 02 01 02 08 0C 04 0E 04 02 01 02 0C 06 02
0A 05 02 00 0C 05 06 02 0E 05 02 00 0C 0C 09 0F
00 06 06 02 00 00 02 00 04 0E 06 02 02 00 02 00
04 0E 06 02 0C 00 08 00 04 0E 00 03 0C 00 0A 00
0B 0E 0F 04 0C 00 07 00 0A 0B 0C 04 0C 00 07 00
02 0C 08 04 0C 00 07 00 02 0D 06 02 08 01 06 00
04 0E 00 03 08 01 06 00 0B 0E 0F 04 08 01 05 00
0A 0C 0C 04 08 01 04 00 02 0C 08 04 08 01 04 00
0A 0D 04 02 0E 01 0D 00 04 0F 04 02 0E 01 0E 00
0B 0E 04 02 00 03 06 00 0C 0F 04 02 00 03 0E 00
0B 0E 0F 02 06 03 03 00 0C 0F 0B 02 0C 03 02 00
0C 0C 04 02 02 04 02 00 04 0F 00 03 02 04 0E 00
0B 0E 04 05 02 04 07 00 0A 0B 0F 04 02 04 06 00
0A 0D 0C 04 02 04 06 00 0A 0D 01 03 03 04 02 00
0C 0D 01 0F 00 06 02 00 0C 0D 01 0F 00 06 07 00
0A 0B 0C 04 0C 00 07 00 02 0C 08 04 0C 00 07 00
02 0D 06 02 08 01 06 00 04 0E 00 03 08 01 06 00
0B 0E 0F 04 08 01 05 00 0A 0C 0C 04 08 01 04 00
02 0C 08 04 08 01 04 00 0A 0D 04 02 0E 01 0D 00
04 0F 04 02 0E 01 0E 00 0B 0E 04 02 00 03 06 00
0C 0F 04 02 00 03 0E 00 0B 0E 0F 02 06 03 03 00
0C 0F 0B 02 0C 03 02 00 0C 0C 04 02 02 04 02 00
04 0F 00 03 02 04 0E 00 0B 0E 04 05 02 04 07 00
0A 0B 0F 04 02 04 06 00 0A 0D 0C 04 02 04 06 00
0A 0D 01 03 03 04 02 00 0C 0D 04 02 00 00 05 00
0C 0E 0A 02 00 00 05 00 0C 08 00 03 00 00 06 00
03 0C 0A 02 06 00 05 00 0C 00 0F 02 06 00 0A 00
04 0E 0C 03 06 00 06 00 0B 0C 04 05 06 00 08 00
0A 0A 0F 04 06 00 07 00 02 0D 0C 04 06 00 06 00
0A 0D 0A 02 0C 00 05 00 0C 04 00 03 0C 00 06 00
0B 0B 0B 02 02 01 03 00 0C 0B 0E 02 02 01 05 00
0C 06 0C 03 02 01 06 00 03 0B 04 02 08 01 0D 00
04 0E 06 02 08 01 0C 00 04 0A 01 03 08 01 0C 00
0C 0D 04 03 08 01 08 00 03 0C 04 05 08 01 09 00
02 0D 0F 04 08 01 08 00 02 0D 0C 04 08 01 08 00
02 0D 0A 02 04 02 05 00 0C 06 04 03 04 02 06 00
03 0D 06 02 0A 02 03 00 0C 07 0A 02 0A 02 05 00
04 07 06 02 0C 02 03 00 0C 07 04 02 00 03 0C 00
0C 0F 05 03 00 03 0B 00 0B 0D 04 05 00 03 0B 00
02 0A 04 02 00 00 01 00 0C 0F 01 03 00 00 09 00
0C 0B 00 03 00 00 0D 00 03 0B 0C 03 00 00 04 00
0A 0B 03 04 01 00 04 00 0A 09 0C 04 01 00 04 00
02 09 0C 03 0C 00 04 00 0B 0D 0C 03 0C 00 06 00
02 0E 03 04 0D 00 03 00 0A 0E 0C 04 0D 00 04 00
0A 0C 06 02 08 01 04 00 0C 04 00 03 08 01 0D 00
03 0B 06 02 04 02 04 00 0C 0B 07 03 04 02 04 00
0B 0D 0C 03 04 02 04 00 02 09 0C 04 04 02 04 00
02 0B 03 04 04 02 03 00 02 09 06 0F 0F 02 00 02
03 00 04 02 00 03 09 00 0C 0E 06 02 00 03 04 00
04 0F 00 03 00 03 05 01 03 0B 06 0F 0B 03 00 04
03 00 04 02 0C 03 07 00 0C 0F 02 03 0C 03 07 00
0C 0E 0C 03 0C 03 04 00 0A 09 03 04 0C 03 03 00
0A 09 0C 04 0C 03 03 00 0A 0B 04 02 08 04 08 00
0C 0F 0F 02 08 04 08 00 0C 0F 00 03 08 04 0D 00
03 0B 0C 04 09 04 04 00 02 0D 03 04 09 04 03 00
02 0E 0B 02 04 05 0A 00 0C 0F 0C 03 04 05 04 00
0B 0D 01 0F 00 06 04 02 00 00 01 00 0C 0F 00 03
00 00 0D 00 0B 0A 0E 02 0C 00 01 00 04 09 0C 03
0C 00 04 00 0B 0D 0F 04 0C 00 03 00 02 0D 08 04
0C 00 04 00 02 0C 08 05 0D 00 05 00 02 0C 06 02
08 01 01 00 04 0F 0F 02 08 01 0D 00 03 0C 0A 02
04 02 01 00 0C 06 0B 03 04 02 04 00 0B 0D 07 04
04 02 04 00 02 0C 06 05 04 02 03 00 02 0A 0F 04
04 02 02 00 02 0B 04 02 00 03 01 00 0C 0F 0E 02
00 03 0C 00 03 09 06 05 00 03 03 00 02 0B 07 04
00 03 03 00 0A 0C 0F 04 00 03 03 00 02 0C 06 02
0C 03 04 00 04 0A 0A 03 0C 03 05 00 0B 0D 0F 04
0C 03 03 00 0A 0C 08 04 0C 03 03 00 02 0D 08 05
0C 03 02 00 0A 0D 06 02 08 04 06 00 04 0F 0D 02
08 04 09 00 0B 0A 04 02 04 05 07 00 0C 0F 01 03
04 05 08 00 04 0C 05 03 04 05 08 00 03 0D 05 04
04 05 05 00 0A 0B 0D 04 05 05 03 00 0A 0B 04 05
05 05 04 00 0A 0B 09 0F 00 06 02 03 0B 00 05 00
04 0B 02 03 0C 00 07 00 04 0F 05 03 0C 00 08 00
0B 0C 04 04 0C 00 08 00 0A 0B 04 05 0D 00 06 00
0A 0C 0D 04 0D 00 05 00 0A 0C 0F 02 08 01 08 00
04 0F 04 02 04 02 04 02 0C 0F 01 03 04 02 04 02
0C 0B 00 03 04 02 01 03 0B 0C 08 04 04 02 03 03
02 0D 0C 04 05 02 03 03 0A 0B 04 05 05 02 03 03
0A 0B 01 0F 00 06 