40 00 21 05 03 03 00 00 00 00 0A 01 00 00 06 08
00 00 00 0D 00 00 00 00 08 03 04 03 00 00 00 00
00 00 00 00 00 00 0A 02 00 00 01 00 04 07 0B 02
00 00 08 01 0B 0D 0A 02 08 01 06 00 0C 00 00 03
08 01 08 01 0B 08 0E 02 01 03 01 00 04 01 02 03
01 03 08 01 0B 0C 01 0F 08 04 06 03 00 00 08 01
0C 04 00 03 00 00 05 01 03 0C 0C 03 00 00 06 01
0A 0A 0C 04 00 00 05 01 02 0A 03 04 00 00 05 01
02 0B 0A 02 08 01 01 00 0C 00 08 04 08 01 04 00
02 0A 03 04 08 01 04 00 0A 0B 0A 02 00 03 01 00
0C 04 00 03 00 03 03 00 0B 09 0C 03 00 03 04 00
0A 09 03 04 00 03 04 00 02 0A 0C 04 00 03 03 00
0A 09 09 0F 08 04 06 03 00 00 08 01 0C 04 00 03
00 00 05 01 03 0C 0C 03 00 00 06 01 0A 0A 03 04
00 00 05 01 02 0B 0C 04 00 00 05 01 02 0A 0A 02
08 01 01 00 0C 00 08 04 08 01 04 00 02 0A 03 04
08 01 04 00 0A 0B 0A 02 00 03 01 00 0C 04 00 03
00 03 03 00 0B 09 0C 03 00 03 04 00 0A 09 03 04
00 03 04 00 02 0A 0C 04 00 03 03 00 0A 09 01 0F
08 04 06 03 00 00 0C 00 04 0F 0E 02 00 00 0C 00
04 0B 00 03 00 00 04 00 0B 0F 0C 04 00 00 08 00
02 0B 04 05 00 00 08 00 02 0E 08 04 00 00 08 00
0A 0D 08 04 0C 00 0C 00 0A 08 09 03 0C 00 0C 00
02 07 0A 02 08 01 05 00 04 05 0A 04 08 01 0C 00
0A 09 0A 03 08 01 0C 00 0A 08 0C 04 04 02 0C 00
0A 0B 0C 03 04 02 0C 00 0A 09 0A 02 00 03 08 00
0C 08 0D 04 00 03 0C 00 02 0D 0E 03 00 03 0C 00
02 0C 0F 04 0C 03 0B 00 0A 0E 00 04 0C 03 0C 00
0A 0E 01 0F 08 04 06 03 00 00 0A 00 0C 0E 0E 02
00 00 0A 00 0C 0A 0F 02 00 00 0A 00 0B 0F 03 04
00 00 09 00 02 0F 0E 03 00 00 09 00 02 0E 03 05
00 00 09 00 02 0E 0A 02 08 01 08 00 04 06 0F 04
08 01 0C 00 02 0B 00 04 08 01 0C 00 0A 07 01 05
04 02 0C 00 0A 0C 01 04 04 02 0B 00 0A 08 06 03
00 03 06 00 0C 0B 0B 02 00 03 08 00 03 0D 01 04
00 03 05 00 0A 0F 02 05 00 03 0C 00 0A 0D 02 04
00 03 0B 00 02 0A 03 05 0C 03 0C 00 0A 0F 03 04
0C 03 0B 00 0A 0D 09 0F 08 04 01 03 00 00 09 00
04 0B 00 03 00 00 0A 00 0B 0F 00 04 00 00 06 00
0A 0F 04 05 00 00 0A 00 0A 0F 08 04 00 00 0A 00
0A 0F 01 0F 08 04 0A 02 00 00 00 00 00 00 00 00
00 00 00 00 00 00 00 00 00 00 00 00 00 00 00 00
00 00 00 00 00 00 00 00 00 00 00 00 00 00 00 00
00 00 00 00 00 00 00 00 00 00 00 00 00 00 00 00
00 00 00 00 00 00 00 00 00 00 00 00 00 00 00 00
00 00 00 00 00 00 00 00 00 00 00 00 00 00 00 00
00 00 00 00 00 00 00 00 00 00 00 00 00 00 00 00
00 00 00 00 00 00 00 00 00 00 00 00 00 00 00 00
00 00 00 00 00 00 00 00 00 00 00 00 00 00 00 00
00 00 00 00 00 00 00 00 00 00 00 00 00 00 00 00
00 00 00 00 00 00 00 00 00 00 00 00 00 00 00 00
00 00 00 00 00 00 00 00 00 00 00 00 00 00 00 00
00 00 00 00 00 00 00 00 00 00 00 00 00 00 00 00
00 00 00 00 00 00 00 00 00 00 00 00 00 00 00 00
00 00 00 00 00 00 00 00 00 00 00 00 00 00 00 00
00 00 00 00 00 00 00 00 00 00 00 00 00 00 00 00
00 00 00 00 00 00 00 00 00 00 00 00 00 00 00 00
00 00 00 00 00 00 00 00 00 00 00 00 00 00 00 00
00 00 00 00 00 00 00 00 00 00 00 00 00 00 00 00
00 00 00 00 00 00 00 00 00 00 00 00 00 00 00 00
00 00 00 00 00 00 00 00 00 00 00 00 00 00 00 00
00 00 00 00 00 00 00 00 00 00 00 00 00 00 00 00
00 00 00 00 00 00 00 00 00 00 00 00 00 00 00 00
00 00 00 00 00 00 00 00 00 00 00 00 00 00 00 00
00 00 00 00 00 00 00 00 00 00 00 00 00 00 00 00
00 00 00 00 00 00 00 00 00 00 00 00 00 00 00 00
00 00 00 00 00 00 00 00 00 00 00 00 00 00 00 00
00 00 00 00 00 00 00 00 00 00 00 00 00 00 00 00
00 00 00 00 00 00 00 00 00 00 00 00 00 00 00 00
00 00 00 00 00 00 00 00 00 00 00 00 00 00 00 00
00 00 00 00 00 00 00 00 00 00 00 00 00 00 00 00
00 00 00 00 00 00 00 00 00 00 00 00 00 00 00 00
00 00 00 00 00 00 00 00 00 00 00 00 00 00 00 00
00 00 00 00 00 00 00 00 00 00 00 00 00 00 00 00
00 00 00 00 00 00 00 00 00 00 00 00 00 00 00 00
00 00 00 00 00 00 00 00 00 00 00 00 00 00 00 00
00 00 00 00 00 00 00 00 00 00 00 00 00 00 00 00
00 00 00 00 00 00 00 00 00 00 00 00 00 00 00 00
00 00 00 00 00 00 00 00 00 00 00 00 00 00 00 00
00 00 00 00 00 00 00 00 00 00 00 00 00 00 00 00
00 00 00 00 00 00 00 00 00 00 00 00 00 00 00 00
00 00 00 00 00 00 00 00 00 00 00 00 00 00 00 00
00 00 00 00 00 00 00 00 00 00 00 00 00 00 00 00
00 00 00 00 00 00 00 00 00 00 00 00 00 00 00 00
00 00 00 00 00 00 00 00 00 00 00 00 00 00 00 00
00 00 00 00 00 00 00 00 00 00 00 00 00 00 00 00
00 00 00 00 00 00 00 00 00 00 00 00 00 00 00 00
00 00 00 00 00 00 00 00 00 00 00 00 00 00 00 00
00 00 00 00 00 00 00 00 00 00 00 00 00 00 00 00
00 00 00 00 00 00 00 00 00 00 00 00 00 00 00 00
00 00 00 00 00 00 00 00 00 00 00 00 00 00 00 00
00 00 00 00 00 00 00 00 00 00 00 00 00 00 00 00
00 00 00 00 00 00 00 00 00 00 00 00 00 00 00 00
00 00 00 00 00 00 00 00 00 00 00 00 00 00 00 00
00 00 00 00 00 00 00 00 00 00 00 00 00 00 00 00
00 00 00 00 00 00 00 00 00 00 00 00 00 00 00 00
00 00 00 00 00 00 00 00 00 00 00 00 00 00 00 00
00 00 00 00 00 00 00 00 00 00 00 00 00 00 00 00
00 00 00 00 00 00 00 00 00 00 00 00 00 00 00 00
00 00 00 00 00 00 00 00 00 00 00 00 00 00 00 00
00 00 00 00 00 00 00 00 00 00 00 00 00 00 00 00
00 00 00 00 00 00 00 00 00 00 00 00 00 00 00 00
00 00 00 00 00 00 00 00 00 00 00 00 00 00 00 00
00 00 00 00 00 00 00 00 00 00 00 00 00 00 00 00
00 00 00 00 00 00 00 00 00 00 00 00 00 00 00 00
00 00 00 00 00 00 00 00 00 00 00 00 00 00 00 00
00 00 00 00 00 00 00 00 00 00 00 00 00 00 00 00
00 00 00 00 00 00 00 00 00 00 00 00 00 00 00 00
00 00 00 00 00 00 00 00 00 00 00 00 00 00 00 00
00 00 00 00 00 00 00 00 00 00 00 00 00 00 00 00
00 00 00 00 00 00 00 00 00 00 00 00 00 00 00 00
00 00 00 00 00 00 00 00 00 00 00 00 00 00 00 00
00 00 00 00 00 00 00 00 00 00 00 00 00 00 00 00
00 00 00 00 00 00 00 00 00 00 00 00 00 00 00 00
00 00 00 00 00 00 00 00 00 00 00 00 00 00 00 00
00 00 00 00 00 00 00 00 00 00 00 00 00 00 00 00
00 00 00 00 00 00 00 00 00 00 00 00 00 00 00 00
00 00 00 00 00 00 00 00 00 00 00 00 00 00 00 00
00 00 00 00 00 00 00 00 00 00 00 00 00 00 00 00
00 00 00 00 00 00 00 00 00 00 00 00 00 00 00 00
00 00 00 00 00 00 00 00 00 00 00 00 00 00 00 00
00 00 00 00 00 00 00 00 00 00 00 00 00 00 00 00
00 00 00 00 00 00 00 00 00 00 00 00 00 00 00 00
00 00 00 00 00 00 00 00 00 00 00 00 00 00 00 00
00 00 00 00 00 00 00 00 00 00 00 00 00 00 00 00
00 00 00 00 00 00 00 00 00 00 00 00 00 00 00 00
00 00 00 00 00 00 00 00 00 00 00 00 00 00 00 00
00 00 00 00 00 00 00 00 00 00 00 00 00 00 00 00
00 00 00 00 00 00 00 00 00 00 00 00 00 00 00 00
00 00 00 00 00 00 00 00 00 00 00 00 00 00 00 00
00 00 00 00 00 00 00 00 00 00 00 00 00 00 00 00
00 00 00 00 00 00 00 00 00 00 00 00 00 00 00 00
00 00 00 00 00 00 00 00 00 00 00 00 00 00 00 00
00 00 00 00 00 00 00 00 00 00 00 00 00 00 00 00
00 00 00 00 00 00 00 00 00 00 00 00 00 00 00 00
00 00 00 00 00 00 00 00 00 00 00 00 00 00 00 00
00 00 00 00 00 00 00 00 00 00 00 00 00 00 00 00
00 00 00 00 00 00 00 00 00 00 00 00 00 00 00 00
00 00 00 00 00 00 00 00 00 00 00 00 00 00 00 00
00 00 00 00 00 00 00 00 00 00 00 00 00 00 00 00
00 00 00 00 00 00 00 00 00 00 00 00 00 00 00 00
00 00 00 00 00 00 00 00 00 00 00 00 00 00 00 00
00 00 00 00 00 00 00 00 00 00 00 00 00 00 00 00
00 00 00 00 00 00 00 00 00 00 00 00 00 00 00 00
00 00 00 00 00 00 00 00 00 00 00 00 00 00 00 00
00 00 00 00 00 00 00 00 00 00 00 00 00 00 00 00
00 00 00 00 00 00 00 00 00 00 00 00 00 00 00 00
00 00 00 00 00 00 00 00 00 00 00 00 00 00 00 00
00 00 00 00 00 00 00 00 00 00 00 00 00 00 00 00
00 00 00 00 00 00 00 00 00 00 00 00 00 00 00 00
00 00 00 00 00 00 00 00 00 00 00 00 00 00 00 00
00 00 00 00 00 00 00 00 00 00 00 00 00 00 00 00
00 00 00 00 00 00 00 00 00 00 00 00 00 00 00 00
00 00 00 00 00 00 00 00 00 00 00 00 00 00 00 00
00 00 00 00 00 00 00 00 00 00 00 00 00 00 00 00
00 00 00 00 00 00 00 00 00 00 00 00 00 00 00 00
00 00 00 00 00 00 00 00 00 00 00 00 00 00 00 00
00 00 00 00 00 00 00 00 00 00 00 00 00 00 00 00
00 00 00 00 00 00 00 00 00 00 06 05 01 00 06 0A
02 00 08 04 03 00 0F 00 01 00 04 01 00 00 00 00
00 00 00 00 00 00 08 04 00 00 0C 00 02 0B 04 03
00 00 0E 02 02 08 00 03 00 00 0F 02 0A 09 06 02
08 01 02 00 04 0C 08 04 08 01 05 01 02 0A 06 02
0A 01 02 00 04 09 06 02 0C 01 02 00 0C 07 06 02
0E 01 02 00 04 08 06 02 00 02 02 00 0C 05 06 02
02 02 02 00 0C 04 06 02 04 02 02 00 04 03 06 02
06 02 02 00 04 01 06 02 08 02 02 00 04 02 06 02
0A 02 02 00 04 01 06 02 0C 02 02 00 04 02 06 02
0E 02 02 00 04 01 06 02 00 03 02 00 04 02 0A 04
00 03 0B 00 02 0B 0F 02 00 03 00 03 02 0B 0B 02
00 03 00 03 02 0A 06 02 02 03 02 00 04 01 06 02
04 03 02 00 04 02 06 02 06 03 02 00 04 01 06 02
08 03 02 00 04 01 06 02 0A 03 02 00 04 02 06 02
0C 03 02 00 0C 02 06 02 0E 03 02 00 0C 00 06 02
00 04 02 00 04 02 06 02 02 04 02 00 0C 01 06 02
04 04 02 00 04 01 06 02 06 04 02 00 04 01 06 02
08 04 02 00 04 02 0A 04 08 04 0A 01 02 0B 06 02
0A 04 02 00 04 01 06 02 0C 04 02 00 04 02 06 02
0E 04 02 00 0C 01 06 02 00 05 02 00 0C 00 06 02
02 05 02 00 0C 01 06 02 04 05 02 00 04 01 06 02
06 05 02 00 04 01 06 02 08 05 02 00 04 01 06 02
0A 05 02 00 04 01 06 02 0C 05 02 00 04 02 06 02
0E 05 02 00 04 01 06 02 00 06 02 00 04 01 04 03
00 06 07 03 02 06 0F 04 00 06 08 02 02 0B 00 03
00 06 06 03 02 09 06 02 02 06 02 00 0C 01 06 02
04 06 02 00 04 01 06 02 06 06 02 00 04 02 06 02
08 06 02 00 04 02 06 02 0A 06 02 00 04 01 06 02
0C 06 02 00 04 02 06 02 0E 06 02 00 04 01 06 02
00 07 02 00 0C 00 06 02 02 07 02 00 0C 01 06 02
04 07 02 00 0C 02 06 02 06 07 02 00 04 01 06 02
08 07 02 00 0C 01 06 02 0A 07 02 00 0C 01 06 02
0C 07 02 00 0C 02 06 02 0E 07 02 00 04 03 06 02
00 08 02 00 0C 03 06 02 02 08 02 00 04 04 06 02
04 08 02 00 04 05 06 02 06 08 02 00 0C 05 06 02
08 08 02 00 04 06 0C 04 08 08 08 00 0A 09 06 02
0A 08 02 00 0C 06 06 02 0C 08 02 00 0C 07 06 02
0E 08 02 00 04 08 06 02 00 09 02 00 0C 08 08 04
00 09 07 00 02 0B 06 02 02 09 02 00 0C 09 06 02
04 09 02 00 0C 09 06 02 06 09 02 00 0C 09 06 02
08 09 02 00 0C 09 06 02 0A 09 02 00 04 0A 06 02
0C 09 02 00 04 0A 06 02 0E 09 02 00 0C 0A 06 02
00 0A 02 00 0C 09 06 02 02 0A 02 00 0C 0A 06 02
04 0A 02 00 0C 0C 06 02 06 0A 02 00 0C 0F 01 0F
08 0A 06 02 00 00 08 00 04 0B 03 03 00 00 07 00
04 07 00 03 00 00 0F 01 03 0C 0C 03 00 00 08 02
02 0A 03 04 00 00 07 02 02 09 00 04 00 00 07 02
02 0A 06 02 08 01 06 00 04 0A 03 03 08 01 06 00
0C 04 0B 02 08 02 0B 00 0B 09 04 02 08 02 07 00
04 0D 00 03 00 03 0D 01 03 0A 06 02 00 03 05 00
04 0A 03 03 00 03 05 00 0C 07 03 04 00 03 05 02
02 08 00 04 00 03 06 02 0A 08 0C 03 00 03 05 02
02 09 06 02 08 04 06 00 04 0A 03 03 08 04 05 00
0C 06 0B 02 08 05 0B 00 03 0A 04 02 08 05 07 00
04 0D 0B 02 08 05 0B 00 03 0A 06 02 00 06 07 00
0C 0A 00 03 00 06 0D 00 0B 0A 03 03 00 06 03 00
04 0A 03 04 00 06 0B 00 02 08 00 04 00 06 0B 00
02 09 0C 03 00 06 0A 00 0A 08 00 03 08 07 0E 00
0B 0C 06 02 08 07 06 00 04 0B 03 03 08 07 03 00
0C 08 00 04 08 07 0D 00 0A 08 03 04 08 07 0C 00
0A 07 0C 03 08 07 0C 00 02 08 06 02 00 09 05 00
0C 0B 0B 02 00 09 08 00 0B 0B 03 03 00 09 05 00
04 07 07 03 00 09 07 00 0A 07 0D 02 00 0A 07 00
03 0B 04 02 00 0A 05 00 0C 0F 09 03 00 0A 04 00
0A 08 09 0F 08 0A 06 02 00 00 08 00 04 0B 00 03
00 00 0B 01 03 0D 03 03 00 00 07 00 04 07 03 04
00 00 0B 02 02 0A 0C 03 00 00 08 02 02 0A 00 04
00 00 07 02 02 0A 06 02 08 01 06 00 04 0A 03 03
08 01 06 00 0C 04 0B 02 08 02 0A 00 03 0A 04 02
08 02 07 00 04 0D 00 03 00 03 07 02 03 0B 06 02
00 03 05 00 04 0A 03 03 00 03 05 00 0C 07 00 04
00 03 06 02 0A 08 0C 03 00 03 05 02 02 09 03 04
00 03 0E 02 02 0A 06 02 08 04 06 00 04 0A 03 03
08 04 05 00 0C 06 0B 02 08 05 07 00 03 08 04 02
08 05 07 00 04 0D 06 02 00 06 07 00 0C 0A 00 03
00 06 07 00 0B 0B 03 03 00 06 03 00 04 0A 00 04
00 06 0B 00 02 09 0C 03 00 06 0A 00 0A 08 00 04
00 06 07 00 02 08 02 03 00 07 05 00 0B 0B 01 04
00 07 0B 00 0A 08 00 04 08 07 0D 00 0A 08 0C 03
08 07 0C 00 02 08 03 04 08 07 0E 00 0A 08 06 02
08 07 06 00 04 0B 04 03 08 07 0F 00 0B 09 03 03
08 07 03 00 0C 08 06 02 00 09 05 00 0C 0B 04 03
00 09 05 00 03 0B 03 03 00 09 05 00 04 07 03 04
00 09 07 00 02 09 00 04 00 09 07 00 02 09 05 04
00 0A 04 00 0A 08 01 04 00 0A 04 00 0A 08 04 02
00 0A 05 00 0C 0F 05 03 00 0A 05 00 0B 0C 01 0F
08 0A 06 02 00 00 08 00 04 0B 03 03 00 00 07 00
04 07 07 03 00 00 00 03 03 0D 00 04 00 00 08 02
02 08 03 04 00 00 07 02 0A 09 06 02 08 01 07 00
04 0A 03 03 08 01 06 00 0C 04 04 02 08 02 07 00
04 0D 07 03 08 02 09 00 0A 06 06 02 00 03 06 00
04 0A 03 03 00 03 06 00 0C 07 05 03 00 03 00 03
03 0B 01 04 00 03 06 02 0A 09 0E 03 00 03 06 02
02 0A 06 02 08 04 06 00 04 0A 03 03 08 04 05 00
0C 06 04 02 08 05 07 00 04 0D 07 03 08 05 08 00
0A 06 06 02 00 06 07 00 0C 0A 03 03 00 06 03 00
04 0A 04 03 00 06 0A 00 0B 0B 0C 03 00 06 08 00
02 06 00 04 00 06 09 00 0A 07 05 03 00 07 07 00
0B 0E 0E 03 00 07 05 00 0A 08 01 04 00 07 05 00
02 08 06 02 08 07 07 00 04 0B 03 03 08 07 04 00
0C 08 07 03 08 07 02 01 0B 0E 03 04 08 07 01 01
0A 09 00 04 08 07 00 01 02 08 06 02 00 09 06 00
0C 0B 03 03 00 09 06 00 04 07 07 03 00 09 06 00
03 0D 03 04 00 09 06 00 02 0A 00 04 00 09 06 00
0A 08 04 02 00 0A 05 00 0C 0F 09 03 00 0A 05 00
03 0D 01 04 00 0A 07 00 0A 08 05 04 00 0A 07 00
02 0A 01 0F 08 0A 06 02 00 00 08 00 04 0B 03 03
00 00 07 00 04 07 00 04 00 00 0F 00 02 0A 0C 03
00 00 0E 00 0A 08 03 04 00 00 0E 00 02 0B 0C 03
08 01 0C 00 02 0A 03 04 08 01 0D 00 02 0A 00 04
08 01 0D 00 0A 08 00 03 08 01 08 00 0B 0D 06 02
08 01 06 00 04 0A 03 03 08 01 06 00 0C 04 04 02
08 02 07 00 04 0D 03 03 08 02 02 00 04 00 06 02
00 03 05 00 04 0A 03 03 00 03 05 00 0C 07 04 03
00 03 07 00 03 0D 04 04 00 03 0E 00 0A 08 00 04
00 03 0D 00 02 0A 07 04 00 03 0D 00 0A 09 0F 02
00 04 07 00 03 0B 04 04 08 04 0C 00 02 0A 00 04
08 04 0C 00 02 0A 07 04 08 04 0C 00 0A 09 06 02
08 04 06 00 04 0A 03 03 08 04 05 00 0C 06 08 02
08 04 09 00 03 0B 04 02 08 05 07 00 04 0D 03 03
08 05 04 00 04 00 06 02 00 06 07 00 0C 0A 03 03
00 06 03 00 04 0A 09 03 00 06 05 00 03 0D 05 04
00 06 0C 00 02 0B 08 04 00 06 0C 00 02 0B 0C 04
00 06 0C 00 02 0B 0D 02 00 07 09 00 0B 0B 0C 04
08 07 0D 00 02 0A 05 04 08 07 0C 00 02 0B 08 04
08 07 0C 00 0A 09 06 02 08 07 06 00 04 0B 03 03
08 07 03 00 0C 08 00 03 08 07 0A 00 03 0B 04 03
00 08 08 00 03 08 07 03 08 08 00 01 0B 0D 06 02
00 09 05 00 0C 0B 03 03 00 09 05 00 04 07 08 04
00 09 0D 00 02 0A 0C 04 00 09 0D 00 02 0A 03 04
00 09 0C 00 02 0B 04 02 00 0A 05 00 0C 0F 03 03
00 0A 03 00 04 00 09 0F 08 0A 06 02 00 00 08 00
04 0B 03 03 00 00 07 00 04 07 05 03 00 00 07 00
03 0D 01 04 00 00 0E 00 0A 09 05 04 00 00 0E 00
02 0B 08 04 00 00 0E 00 02 0B 09 02 00 01 08 00
0B 07 05 04 08 01 0E 00 02 0B 08 04 08 01 0D 00
02 0B 01 04 08 01 0D 00 02 0A 06 02 08 01 06 00
04 0A 03 03 08 01 06 00 0C 04 05 03 08 01 07 00
03 0A 07 03 08 02 0D 00 03 0C 04 02 08 02 07 00
04 0D 03 03 08 02 02 00 04 00 06 02 00 03 05 00
04 0A 03 03 00 03 05 00 0C 07 03 04 00 03 0E 00
02 0B 07 04 00 03 0E 00 0A 09 0A 04 00 03 0E 00
02 0B 02 03 00 04 08 00 03 0C 07 04 08 04 0D 00
02 0B 0A 04 08 04 0D 00 02 0B 03 04 08 04 0D 00
02 0B 0B 02 08 04 0A 00 0B 0B 06 02 08 04 06 00
04 0A 03 03 08 04 05 00 0C 06 04 02 08 05 07 00
04 0D 03 03 08 05 04 00 04 00 06 02 00 06 07 00
0C 0A 00 03 00 06 03 02 03 0D 01 03 00 06 03 00
04 0C 00 04 00 06 0F 02 0A 08 08 04 00 06 0C 02
0A 09 03 04 00 06 0E 02 02 0B 01 0F 08 0A 0A 02
00 00 00 00 00 00 00 00 00 00 00 00 00 00 00 00
00 00 00 00 00 00 00 00 00 00 00 00 00 00 00 00
00 00 00 00 00 00 00 00 00 00 00 00 00 00 00 00
00 00 00 00 00 00 00 00 00 00 00 00 00 00 00 00
00 00 00 00 00 00 00 00 00 00 00 00 00 00 00 00
00 00 00 00 00 00 00 00 00 00 00 00 00 00 00 00
00 00 00 00 00 00 00 00 00 00 00 00 00 00 00 00
00 00 00 00 00 00 00 00 00 00 06 02 00 00 0A 0B
00 00 00 02 01 00 03 02 03 02 06 00 00 00 00 00
00 00 00 00 00 00 0A 02 00 00 03 00 04 09 03 04
01 00 03 01 02 0D 0A 02 08 01 03 00 0C 07 03 04
08 01 0E 00 0A 0D 03 04 0A 02 03 00 0A 0D 0A 02
00 03 03 00 04 09 03 04 00 03 03 01 02 0D 0A 02
08 04 03 00 0C 07 03 04 08 04 04 01 0A 0D 01 0F
00 06 0A 02 00 00 03 00 04 09 08 01 00 00 0E 02
0B 0D 04 03 00 00 0E 02 02 0A 07 03 00 00 0E 02
0A 08 00 03 00 00 0E 02 02 0A 0A 02 08 01 03 00
0C 07 0A 02 00 03 03 00 04 09 08 01 00 03 06 01
0B 0D 00 03 00 03 06 01 02 09 04 03 00 03 06 01
02 0A 07 03 00 03 06 01 0A 08 0A 02 08 04 03 00
0C 07 08 01 08 04 05 01 0B 0C 00 03 08 04 06 01
02 09 04 03 08 04 06 01 02 09 07 03 08 04 06 01
0A 07 09 0F 00 06 0A 02 00 00 03 00 04 09 08 01
00 00 05 01 0B 0D 00 03 00 00 06 01 02 09 04 03
00 00 06 01 02 09 07 03 00 00 06 01 0A 08 0A 02
08 01 03 00 0C 07 08 01 08 01 0F 00 03 0D 00 03
08 01 0F 00 02 09 04 03 08 01 0F 00 0A 09 07 03
08 01 0F 00 0A 08 08 01 0A 02 04 00 0B 0C 07 03
0A 02 04 00 0A 08 04 03 0A 02 04 00 02 09 00 03
0A 02 04 00 02 09 0A 02 00 03 03 00 04 09 08 01
00 03 0C 02 0B 0D 00 03 00 03 0C 02 02 09 04 03
00 03 0C 02 0A 09 07 03 00 03 0C 02 02 09 0A 02
08 04 03 00 0C 07 01 0F 00 06 0A 02 00 00 03 00
04 09 08 01 00 00 05 01 0B 0D 00 03 00 00 06 01
02 09 07 03 00 00 06 01 0A 08 04 03 00 00 06 01
02 09 0A 02 08 01 03 00 0C 07 08 01 08 01 0F 00
03 0D 00 03 08 01 0F 00 02 09 04 03 08 01 0F 00
0A 09 07 03 08 01 0F 00 0A 08 08 01 0A 02 04 00
0B 0C 07 03 0A 02 04 00 0A 08 04 03 0A 02 04 00
02 09 00 03 0A 02 04 00 02 09 0A 02 00 03 03 00
04 09 08 01 00 03 0C 02 0B 0D 00 03 00 03 0C 00
02 09 04 03 00 03 0C 02 0A 09 07 03 00 03 0C 02
02 09 0C 03 0C 03 02 00 0A 0F 0C 03 00 04 02 00
02 0F 0C 03 04 04 02 00 02 0F 0A 02 08 04 03 00
0C 07 0C 03 08 04 03 00 0A 0F 0C 03 04 05 03 00
0A 0F 01 0F 00 06 0A 02 00 00 07 00 04 09 08 01
00 00 0C 05 0B 0D 0C 03 00 00 03 06 02 0A 00 04
00 00 05 01 0A 07 03 04 00 00 06 01 0A 09 0A 02
08 01 08 00 0C 07 08 04 08 01 0F 00 0A 09 03 04
08 01 0E 00 02 0A 0C 04 08 02 04 00 02 08 08 04
08 02 04 00 0A 09 0A 02 00 03 0D 00 04 09 0C 04
00 03 0A 00 02 0B 0F 04 00 03 0A 00 02 0B 0C 04
0C 03 08 00 02 0B 08 04 0C 03 07 00 02 0A 0A 02
08 04 0B 00 0C 07 08 04 08 04 09 00 02 0A 03 04
08 04 09 00 02 0A 00 04 04 05 07 00 02 06 03 04
04 05 08 00 02 0B 09 0F 00 06 0A 02 03 00 00 01
04 09 0A 01 03 00 04 01 03 0D 05 04 03 00 05 01
0A 0B 01 04 03 00 05 01 0A 0B 0E 03 03 00 05 01
02 0A 0A 02 0F 01 01 01 0C 07 07 03 0F 01 0F 01
0A 0B 07 04 0F 01 02 01 0A 0B 0E 03 0F 01 01 02
02 0B 03 01 01 02 0D 01 0B 0B 03 04 03 03 06 00
02 0A 0C 04 03 03 07 00 0A 0A 0A 02 0F 03 07 02
04 05 08 01 0F 03 04 02 0B 0E 0C 03 0F 03 02 02
02 0A 00 04 0F 03 01 02 02 09 03 04 0F 03 01 02
02 0B 01 0F 00 06 0F 0F 0F 0F 00 00 00 00 00 00
00 00 00 00 00 00 00 00 00 00 00 00 00 00 00 00
00 00 00 00 00 00 00 00 00 00 00 00 00 00 00 00
00 00 00 00 00 00 00 00 00 00 00 00 00 00 00 00
00 00 00 00 00 00 00 00 00 00 00 00 00 00 00 00
00 00 00 00 00 00 00 00 00 00 00 00 00 00 00 00
00 00 00 00 00 00 00 00 00 00 00 00 00 00 00 00
00 00 00 00 00 00 00 00 00 00 00 00 00 00 00 00
00 00 00 00 00 00 00 00 00 00 00 00 00 00 00 00
00 00 00 00 00 00 00 00 00 00 00 00 00 00 00 00
00 00 00 00 00 00 00 00 00 00 00 00 00 00 00 00
00 00 00 00 00 00 00 00 00 00 00 00 00 00 00 00
00 00 00 00 00 00 00 00 00 00 00 00 00 00 00 00
00 00 00 00 00 00 00 00 00 00 00 00 00 00 00 00
00 00 00 00 00 00 00 00 00 00 00 00 00 00 00 00
00 00 00 00 00 00 00 00 00 00 00 00 00 00 00 00
00 00 00 00 00 00 00 00 00 00 00 00 00 00 00 00
00 00 00 00 00 00 00 00 00 00 00 00 00 00 00 00
00 00 00 00 00 00 00 00 00 00 00 00 00 00 00 00
00 00 00 00 00 00 00 00 00 00 00 00 00 00 00 00
00 00 00 00 00 00 00 00 00 00 00 00 00 00 00 00
00 00 00 00 00 00 00 00 00 00 00 00 00 00 00 00
00 00 00 00 00 00 00 00 00 00 00 00 00 00 00 00
00 00 00 00 00 00 00 00 00 00 00 00 00 00 00 00
00 00 00 00 00 00 00 00 00 00 00 00 00 00 00 00
00 00 00 00 00 00 00 00 00 00 00 00 00 00 00 00
00 00 00 00 00 00 00 00 00 00 00 00 00 00 00 00
00 00 00 00 00 00 00 00 00 00 00 00 00 00 00 00
00 00 00 00 00 00 00 00 00 00 00 00 00 00 00 00
00 00 00 00 00 00 00 00 00 00 00 00 00 00 00 00
00 00 00 00 00 00 00 00 00 00 00 00 00 00 00 00
00 00 00 00 00 00 00 00 00 00 00 00 00 00 00 00
00 00 00 00 00 00 00 00 00 00 00 00 00 00 00 00
00 00 00 00 00 00 00 00 00 00 00 00 00 00 00 00
00 00 00 00 00 00 00 00 00 00 00 00 00 00 00 00
00 00 00 00 00 00 00 00 00 00 00 00 00 00 00 00
00 00 00 00 00 00 00 00 00 00 00 00 00 00 00 00
00 00 00 00 00 00 00 00 00 00 00 00 00 00 00 00
00 00 00 00 00 00 00 00 00 00 00 00 00 00 00 00
00 00 00 00 00 00 00 00 00 00 00 00 00 00 00 00
00 00 00 00 00 00 00 00 00 00 00 00 00 00 00 00
00 00 00 00 00 00 00 00 00 00 00 00 00 00 00 00
00 00 00 00 00 00 00 00 00 00 00 00 00 00 00 00
00 00 00 00 00 00 00 00 00 00 00 00 00 00 00 00
00 00 00 00 00 00 00 00 00 00 00 00 00 00 00 00
00 00 00 00 00 00 00 00 00 00 00 00 00 00 00 00
00 00 00 00 00 00 00 00 00 00 00 00 00 00 00 00
00 00 00 00 00 00 00 00 00 00 00 00 00 00 00 00
00 00 00 00 00 00 00 00 00 00 00 00 00 00 00 00
00 00 00 00 00 00 00 00 00 00 00 00 00 00 00 00
00 00 00 00 00 00 00 00 00 00 00 00 00 00 00 00
00 00 00 00 00 00 00 00 00 00 00 00 00 00 00 00
00 00 00 00 00 00 00 00 00 00 00 00 00 00 00 00
00 00 00 00 00 00 00 00 00 00 00 00 00 00 00 00
00 00 00 00 00 00 00 00 00 00 00 00 00 00 00 00
00 00 00 00 00 00 00 00 00 00 00 00 00 00 00 00
00 00 00 00 00 00 00 00 00 00 00 00 00 00 00 00
00 00 00 00 00 00 00 00 00 00 00 00 00 00 00 00
00 00 00 00 00 00 00 00 00 00 00 00 00 00 00 00
00 00 00 00 00 00 00 00 00 00 00 00 00 00 00 00
00 00 00 00 00 00 00 00 00 00 00 00 00 00 00 00
00 00 00 00 00 00 00 00 00 00 00 00 00 00 00 00
00 00 00 00 00 00 00 00 00 00 00 00 00 00 00 00
00 00 00 00 00 00 00 00 00 00 00 00 00 00 00 00
00 00 00 00 00 00 00 00 00 00 00 00 00 00 00 00
00 00 00 00 00 00 00 00 00 00 00 00 00 00 00 00
00 00 00 00 00 00 00 00 00 00 00 00 00 00 00 00
00 00 00 00 00 00 00 00 00 00 00 00 00 00 00 00
00 00 00 00 00 00 00 00 00 00 00 00 00 00 00 00
00 00 00 00 00 00 00 00 00 00 00 00 00 00 00 00
00 00 00 00 00 00 00 00 00 00 00 00 00 00 00 00
00 00 00 00 00 00 00 00 00 00 00 00 00 00 00 00
00 00 00 00 00 00 00 00 00 00 00 00 00 00 00 00
00 00 00 00 00 00 00 00 00 00 00 00 00 00 00 00
00 00 00 00 00 00 00 00 00 00 00 00 00 00 00 00
00 00 00 00 00 00 00 00 00 00 00 00 00 00 00 00
00 00 00 00 00 00 00 00 00 00 00 00 00 00 00 00
00 00 00 00 00 00 00 00 00 00 00 00 00 00 00 00
00 00 00 00 00 00 00 00 00 00 00 00 00 00 00 00
00 00 00 00 00 00 00 00 00 00 00 00 00 00 00 00
00 00 00 00 00 00 00 00 00 00 00 00 00 00 00 00
00 00 00 00 00 00 00 00 00 00 00 00 00 00 00 00
00 00 00 00 00 00 00 00 00 00 00 00 00 00 00 00
00 00 00 00 00 00 00 00 00 00 00 00 00 00 00 00
00 00 00 00 00 00 00 00 00 00 00 00 00 00 00 00
00 00 00 00 00 00 00 00 00 00 00 00 00 00 00 00
00 00 00 00 00 00 00 00 00 00 00 00 00 00 00 00
00 00 00 00 00 00 00 00 00 00 00 00 00 00 00 00
00 00 00 00 00 00 00 00 00 00 00 00 00 00 00 00
00 00 00 00 00 00 00 00 00 00 00 00 00 00 00 00
00 00 00 00 00 00 00 00 00 00 00 00 00 00 00 00
00 00 00 00 00 00 00 00 00 00 00 00 00 00 00 00
00 00 00 00 00 00 00 00 00 00 00 00 00 00 00 00
00 00 00 00 00 00 00 00 00 00 00 00 00 00 00 00
00 00 00 00 00 00 00 00 00 00 00 00 00 00 00 00
00 00 00 00 00 00 00 00 00 00 00 00 00 00 00 00
00 00 00 00 00 00 00 00 00 00 00 00 00 00 00 00
00 00 00 00 00 00 00 00 00 00 00 00 00 00 00 00
00 00 00 00 00 00 00 00 00 00 00 00 00 00 00 00
00 00 00 00 00 00 00 00 00 00 00 00 00 00 00 00
00 00 00 00 00 00 00 00 00 00 00 00 00 00 00 00
00 00 00 00 00 00 00 00 00 00 02 01 00 00 0E 0D
00 00 00 05 01 00 05 05 09 04 0D 00 00 00 00 00
00 00 00 00 00 00 0A 02 00 00 03 00 0C 07 0A 02
08 01 03 00 0C 05 0A 02 00 03 03 00 04 07 03 03
08 04 03 00 0C 05 01 0F 00 06 06 03 00 00 03 00
04 0A 00 03 00 00 0D 02 0B 08 00 03 00 00 0F 02
02 0C 07 03 00 00 07 01 02 04 05 02 01 00 03 00
0C 09 0C 03 02 00 02 00 0A 07 00 04 05 00 06 02
0A 09 0A 02 08 01 03 00 04 06 0C 04 09 01 01 00
0A 07 0F 04 0F 01 01 00 02 08 04 05 05 02 01 00
0A 08 0F 04 0B 02 01 00 0A 07 0A 02 00 03 03 00
04 06 00 03 00 03 0D 02 0B 08 04 03 00 03 00 03
0A 0A 0C 03 00 03 07 01 0A 04 05 02 01 03 03 00
04 0D 00 04 02 03 02 00 0A 07 03 04 05 03 05 02
02 0A 0C 04 0D 03 01 00 0A 0B 0A 02 08 04 03 00
04 06 0F 04 09 04 01 00 02 0A 04 05 0F 04 01 00
02 0B 08 05 05 05 01 00 02 0B 04 05 0B 05 01 00
0A 0A 09 0F 00 06 06 03 00 00 03 00 04 0A 00 03
00 00 0D 02 0B 08 00 03 00 00 0F 02 02 0C 07 03
00 00 07 01 02 04 05 02 01 00 03 00 0C 09 0C 03
02 00 02 00 0A 07 00 04 05 00 06 02 0A 09 0A 02
08 01 03 00 04 06 0C 04 09 01 01 00 0A 07 0F 04
0F 01 01 00 02 08 04 05 05 02 01 00 0A 08 0F 04
0B 02 01 00 0A 07 0A 02 00 03 03 00 04 06 00 03
00 03 0D 02 0B 08 04 03 00 03 00 03 0A 0A 0C 03
00 03 07 01 0A 04 05 02 01 03 03 00 04 0D 00 04
02 03 02 00 0A 07 03 04 05 03 05 02 02 0A 0C 04
0D 03 01 00 0A 0B 0A 02 08 04 03 00 04 06 0F 04
09 04 01 00 02 0A 04 05 0F 04 01 00 02 0B 08 05
05 05 01 00 02 0B 04 05 0B 05 01 00 0A 0A 01 0F
00 06 0A 02 00 00 03 00 04 06 00 03 00 00 0A 00
03 0B 00 03 00 00 06 00 02 06 03 03 01 00 03 00
0C 06 07 03 01 00 07 02 0A 06 00 04 02 00 0A 02
02 0A 0C 04 07 00 02 00 02 04 04 03 0C 00 0A 00
0B 09 0A 02 08 01 03 00 04 07 07 03 08 01 0A 00
0B 09 00 03 08 01 06 00 02 06 03 03 09 01 03 00
04 06 08 04 0F 01 02 00 02 05 0C 03 04 02 0A 00
0B 09 0A 02 00 03 03 00 04 07 07 03 00 03 0A 00
0B 09 00 03 00 03 06 00 02 06 03 03 01 03 03 00
04 06 00 04 01 03 0D 02 0A 06 08 04 02 03 0A 02
02 09 0C 04 07 03 02 00 0A 05 0B 02 0C 03 0A 00
03 0A 0A 02 08 04 03 00 04 07 00 03 08 04 0A 00
0B 0A 00 03 08 04 06 00 02 06 03 03 09 04 03 00
04 06 08 04 0F 04 02 00 0A 05 04 03 04 05 0A 00
0B 0B 01 0F 00 06 03 03 00 00 03 00 04 09 00 03
00 00 0F 02 03 0A 00 04 00 00 00 01 02 07 05 02
01 00 03 00 0C 09 03 04 02 00 01 01 02 0A 08 04
03 00 0B 00 0A 06 0A 04 0E 00 0C 01 0A 08 0A 02
08 01 03 00 04 06 03 04 0A 01 0D 01 0A 08 07 04
0B 01 0D 00 0A 07 08 04 07 02 0F 00 0A 07 09 03
00 03 07 01 03 08 0A 02 02 03 03 00 04 06 01 04
02 03 0C 01 02 08 05 04 04 03 03 00 0A 07 08 04
05 03 0A 01 0A 09 03 04 00 04 0E 00 0A 0B 06 03
09 04 08 01 0B 07 0A 02 0B 04 03 00 04 05 0C 03
0D 04 0C 01 0A 04 0F 03 0F 04 0E 01 0A 03 02 04
00 05 0E 00 02 05 08 04 09 05 00 01 02 07 09 0F
00 06 07 03 02 00 07 01 03 0A 06 03 04 00 03 00
0C 06 0E 03 05 00 03 02 02 07 01 04 07 00 02 02
02 06 08 04 08 00 0D 00 02 06 03 04 03 01 04 01
02 08 01 04 02 02 08 02 0A 05 05 04 04 02 06 02
0A 08 0B 02 05 02 07 01 0B 09 0C 04 05 02 0F 00
02 07 0A 04 03 03 07 01 02 07 00 03 02 04 0E 01
0B 09 00 03 03 04 03 00 02 03 07 03 07 04 08 00
02 06 00 04 0A 04 07 01 02 03 0C 03 0C 04 05 01
0A 03 03 04 0D 04 05 00 02 05 08 04 01 05 00 01
0A 06 01 0F 00 06 08 04 00 00 00 00 00 00 00 00
00 00 00 00 00 00 00 00 00 00 00 00 00 00 00 00
00 00 00 00 00 00 00 00 00 00 00 00 00 00 00 00
00 00 00 00 00 00 00 00 00 00 00 00 00 00 00 00
00 00 00 00 00 00 00 00 00 00 00 00 00 00 00 00
00 00 00 00 00 00 00 00 00 00 00 00 00 00 00 00
00 00 00 00 00 00 00 00 00 00 00 00 00 00 00 00
00 00 00 00 00 00 00 00 00 00 00 00 00 00 00 00
00 00 00 00 00 00 00 00 00 00 00 00 00 00 00 00
00 00 00 00 00 00 00 00 00 00 00 00 00 00 00 00
00 00 00 00 00 00 00 00 00 00 00 00 00 00 00 00
00 00 00 00 00 00 00 00 00 00 00 00 00 00 00 00
00 00 00 00 00 00 00 00 00 00 00 00 00 00 00 00
00 00 00 00 00 00 00 00 00 00 00 00 00 00 00 00
00 00 00 00 00 00 00 00 00 00 00 00 00 00 00 00
00 00 00 00 00 00 00 00 00 00 00 00 00 00 00 00
00 00 00 00 00 00 00 00 00 00 00 00 00 00 00 00
00 00 00 00 00 00 00 00 00 00 00 00 00 00 00 00
00 00 00 00 00 00 00 00 00 00 00 00 00 00 00 00
00 00 00 00 00 00 00 00 00 00 00 00 00 00 00 00
00 00 00 00 00 00 00 00 00 00 00 00 00 00 00 00
00 00 00 00 00 00 00 00 00 00 00 00 00 00 00 00
00 00 00 00 00 00 00 00 00 00 00 00 00 00 00 00
00 00 00 00 00 00 00 00 00 00 00 00 00 00 00 00
00 00 00 00 00 00 00 00 00 00 00 00 00 00 00 00
00 00 00 00 00 00 00 00 00 00 00 00 00 00 00 00
00 00 00 00 00 00 00 00 00 00 00 00 00 00 00 00
00 00 00 00 00 00 00 00 00 00 00 00 00 00 00 00
00 00 00 00 00 00 00 00 00 00 00 00 00 00 00 00
00 00 00 00 00 00 00 00 00 00 00 00 00 00 00 00
00 00 00 00 00 00 00 00 00 00 00 00 00 00 00 00
00 00 00 00 00 00 00 00 00 00 00 00 00 00 00 00
00 00 00 00 00 00 00 00 00 00 00 00 00 00 00 00
00 00 00 00 00 00 00 00 00 00 00 00 00 00 00 00
00 00 00 00 00 00 00 00 00 00 00 00 00 00 00 00
00 00 00 00 00 00 00 00 00 00 00 00 00 00 00 00
00 00 00 00 00 00 00 00 00 00 00 00 00 00 00 00
00 00 00 00 00 00 00 00 00 00 00 00 00 00 00 00
00 00 00 00 00 00 00 00 00 00 00 00 00 00 00 00
00 00 00 00 00 00 00 00 00 00 00 00 00 00 00 00
00 00 00 00 00 00 00 00 00 00 00 00 00 00 00 00
00 00 00 00 00 00 00 00 00 00 00 00 00 00 00 00
00 00 00 00 00 00 00 00 00 00 00 00 00 00 00 00
00 00 00 00 00 00 00 00 00 00 00 00 00 00 00 00
00 00 00 00 00 00 00 00 00 00 00 00 00 00 00 00
00 00 00 00 00 00 00 00 00 00 00 00 00 00 00 00
00 00 00 00 00 00 00 00 00 00 00 00 00 00 00 00
00 00 00 00 00 00 00 00 00 00 00 00 00 00 00 00
00 00 00 00 00 00 00 00 00 00 00 00 00 00 00 00
00 00 00 00 00 00 00 00 00 00 00 00 00 00 00 00
00 00 00 00 00 00 00 00 00 00 00 00 00 00 00 00
00 00 00 00 00 00 00 00 00 00 00 00 00 00 00 00
00 00 00 00 00 00 00 00 00 00 00 00 00 00 00 00
00 00 00 00 00 00 00 00 00 00 00 00 00 00 00 00
00 00 00 00 00 00 00 00 00 00 00 00 00 00 00 00
00 00 00 00 00 00 00 00 00 00 00 00 00 00 00 00
00 00 00 00 00 00 00 00 00 00 00 00 00 00 00 00
00 00 00 00 00 00 00 00 00 00 00 00 00 00 00 00
00 00 00 00 00 00 00 00 00 00 00 00 00 00 00 00
00 00 00 00 00 00 00 00 00 00 00 00 00 00 00 00
00 00 00 00 00 00 00 00 00 00 00 00 00 00 00 00
00 00 00 00 00 00 00 00 00 00 00 00 00 00 00 00
00 00 00 00 00 00 00 00 00 00 00 00 00 00 00 00
00 00 00 00 00 00 00 00 00 00 00 00 00 00 00 00
00 00 00 00 00 00 00 00 00 00 00 00 00 00 00 00
00 00 00 00 00 00 00 00 00 00 00 00 00 00 00 00
00 00 00 00 00 00 00 00 00 00 00 00 00 00 00 00
00 00 00 00 00 00 00 00 00 00 00 00 00 00 00 00
00 00 00 00 00 00 00 00 00 00 00 00 00 00 00 00
00 00 00 00 00 00 00 00 00 00 00 00 00 00 00 00
00 00 00 00 00 00 00 00 00 00 00 00 00 00 00 00
00 00 00 00 00 00 00 00 00 00 00 00 00 00 00 00
00 00 00 00 00 00 00 00 00 00 00 00 00 00 00 00
00 00 00 00 00 00 00 00 00 00 00 00 00 00 00 00
00 00 00 00 00 00 00 00 00 00 00 00 00 00 00 00
00 00 00 00 00 00 00 00 00 00 00 00 00 00 00 00
00 00 00 00 00 00 00 00 00 00 00 00 00 00 00 00
00 00 00 00 00 00 00 00 00 00 00 00 00 00 00 00
00 00 00 00 00 00 00 00 00 00 00 00 00 00 00 00
00 00 00 00 00 00 00 00 00 00 00 00 00 00 00 00
00 00 00 00 00 00 00 00 00 00 00 00 00 00 00 00
00 00 00 00 00 00 00 00 00 00 00 00 00 00 00 00
00 00 00 00 00 00 00 00 00 00 00 00 00 00 00 00
00 00 00 00 00 00 00 00 00 00 00 00 00 00 00 00
00 00 00 00 00 00 00 00 00 00 00 00 00 00 00 00
00 00 00 00 00 00 00 00 00 00 00 00 00 00 00 00
00 00 00 00 00 00 00 00 00 00 00 00 00 00 00 00
00 00 00 00 00 00 00 00 00 00 00 00 00 00 00 00
00 00 00 00 00 00 00 00 00 00 00 00 00 00 00 00
00 00 00 00 00 00 00 00 00 00 00 00 00 00 00 00
00 00 00 00 00 00 00 00 00 00 00 00 00 00 00 00
00 00 00 00 00 00 00 00 00 00 00 00 00 00 00 00
00 00 00 00 00 00 00 00 00 00 00 00 00 00 00 00
00 00 00 00 00 00 00 00 00 00 0E 07 00 00 02 06
01 00 00 0D 01 00 06 02 08 03 04 03 00 00 00 00
00 00 00 00 00 00 03 03 00 00 05 00 04 08 00 03
00 00 0A 01 0B 0D 08 04 00 00 04 02 0A 0B 0C 03
00 00 09 01 02 07 0A 02 08 01 06 00 04 05 00 04
08 01 07 00 0A 05 03 04 08 01 07 00 02 07 07 03
04 02 05 00 03 0C 07 04 04 02 0F 00 0A 07 0A 02
00 03 07 00 04 05 07 03 00 03 07 00 0B 0C 05 04
00 03 0B 00 02 0A 00 04 00 03 0C 00 02 06 03 04
00 03 0C 00 0A 08 03 04 0C 03 09 00 0A 0B 07 03
0C 03 04 00 0A 08 03 03 08 04 06 00 04 08 0B 02
08 04 0C 00 03 0E 0B 03 08 04 0F 00 0A 0A 03 04
08 04 00 01 02 0A 01 04 08 04 00 01 02 05 0A 02
00 06 06 00 04 05 0D 02 00 06 0B 00 03 0E 0C 03
00 06 0D 00 0A 07 03 04 00 06 0D 00 02 0A 01 04
00 06 0E 00 02 06 0E 02 08 07 06 00 0C 0A 0F 02
08 07 06 00 03 0E 03 04 08 07 0C 00 0A 0A 0E 03
08 07 0B 00 02 0A 01 04 08 07 0B 00 02 06 01 0F
00 09 03 03 00 00 0B 00 04 08 00 03 00 00 03 03
0B 0E 08 04 00 00 03 02 0A 08 0C 03 00 00 08 01
02 08 0A 02 08 01 06 00 0C 07 00 04 08 01 05 00
02 08 03 04 08 01 04 00 02 07 0A 02 00 03 07 00
04 09 07 04 00 03 08 00 0A 07 00 04 00 03 04 00
02 08 03 04 00 03 04 00 0A 07 0B 02 0C 03 05 00
03 0C 03 03 08 04 05 01 0C 08 0B 02 08 04 09 03
03 0D 05 04 08 04 05 02 02 09 07 03 08 04 09 01
02 06 0A 02 00 06 07 00 0C 07 03 04 00 06 04 00
02 07 00 04 00 06 04 00 0A 07 0A 02 08 07 07 00
0C 08 03 04 08 07 04 00 0A 0A 00 04 08 07 04 00
02 09 09 0F 00 09 03 03 00 00 0B 00 04 08 00 03
00 00 0F 02 03 0E 0F 04 00 00 0E 00 02 08 0C 03
00 00 09 01 02 09 0C 04 0C 00 0D 00 0A 08 0A 02
08 01 06 00 0C 07 08 04 08 01 0C 00 0A 07 00 04
08 01 04 00 02 09 03 04 08 01 04 00 02 07 03 04
04 02 0F 00 0A 06 0A 02 00 03 07 00 04 09 08 04
00 03 0D 00 02 08 00 04 00 03 04 00 02 09 03 04
00 03 04 00 02 08 0B 02 0C 03 06 00 03 0C 0C 04
0C 03 0D 00 02 07 03 03 08 04 05 01 0C 08 0B 02
08 04 06 01 0B 0D 08 04 08 04 07 00 02 06 07 03
08 04 0A 01 02 07 0A 04 0E 04 07 00 02 08 08 04
04 05 0E 00 02 08 0A 02 00 06 07 00 0C 07 0D 02
00 06 07 00 03 0E 07 04 00 06 0B 00 0A 08 00 04
00 06 04 00 0A 09 03 04 00 06 04 00 0A 07 08 04
0C 06 0F 00 02 07 0A 02 08 07 07 00 0C 08 0F 02
08 07 06 00 03 0F 0A 04 08 07 0E 00 02 0A 00 04
08 07 03 00 02 0A 03 04 08 07 03 00 02 09 0C 04
04 08 0B 00 02 0A 01 0F 00 09 03 03 00 00 05 00
0C 06 00 03 00 00 00 02 0B 0D 08 04 00 00 0A 00
0A 08 0C 03 00 00 08 01 02 06 03 04 0C 00 00 01
0A 08 0A 02 08 01 06 00 0C 03 08 04 08 01 0C 00
0A 08 03 04 08 01 05 00 02 0A 00 04 08 01 05 00
0A 07 0C 04 04 02 0E 00 0A 08 0A 02 00 03 06 00
04 04 07 03 00 03 09 00 0B 0A 03 04 00 03 04 00
0A 0A 0A 04 00 03 0B 00 02 0A 00 04 00 03 04 00
02 0A 0B 02 0C 03 0B 00 0B 0C 03 04 0C 03 07 00
0A 08 03 03 08 04 06 00 0C 06 00 03 08 04 06 00
03 0E 0C 03 08 04 06 00 02 09 00 04 08 04 06 00
0A 06 0A 02 00 06 06 00 04 04 00 03 00 06 05 00
03 0F 00 04 00 06 04 00 0A 08 08 04 00 06 04 00
0A 0A 03 04 00 06 03 00 0A 0B 0E 02 08 07 02 01
0C 0A 01 0F 00 09 03 03 00 00 0B 00 04 08 00 03
00 00 0C 01 03 0F 0C 03 00 00 09 01 02 07 0C 03
00 00 00 01 02 08 00 04 00 00 0F 00 02 08 01 04
0C 00 0E 00 02 07 0E 03 0C 00 0F 00 02 0B 0A 02
08 01 06 00 0C 07 02 04 08 01 0E 00 0A 05 0F 03
08 01 0D 00 02 06 0B 03 08 01 06 00 0A 08 03 04
04 02 0F 00 0A 08 00 04 04 02 01 01 02 07 0A 02
00 03 07 00 04 09 05 04 00 03 0D 00 0A 08 01 04
00 03 0D 00 02 07 09 03 00 03 06 00 0A 08 07 03
0C 03 0E 00 0B 0C 07 04 0C 03 0C 00 02 07 03 04
0C 03 0E 00 0A 09 03 03 08 04 05 01 0C 08 0B 02
08 04 0F 01 03 0F 0C 04 08 04 0E 00 0A 0B 08 04
08 04 0C 00 0A 09 07 03 08 04 0C 01 02 08 08 04
04 05 0D 00 0A 08 03 04 04 05 0F 00 0A 08 0A 02
00 06 07 00 0C 07 0A 04 00 06 0D 00 0A 09 07 04
00 06 0C 00 0A 08 05 03 00 06 07 00 02 07 07 04
0C 06 0D 00 02 07 03 04 0C 06 0F 00 02 07 0A 02
08 07 07 00 0C 08 08 04 08 07 0C 00 0A 08 05 04
08 07 06 00 0A 0B 04 03 08 07 06 00 02 07 07 03
04 08 0F 00 03 0E 09 0F 00 09 03 03 00 00 0B 00
04 08 02 03 00 00 08 01 03 0F 01 04 00 00 0E 00
0A 05 02 03 00 00 08 00 02 08 00 04 0C 00 0E 00
0A 06 0A 02 08 01 06 00 0C 07 0E 03 08 01 03 01
02 0A 07 03 08 01 07 00 0A 07 0B 03 08 01 06 00
0A 08 0A 02 00 03 07 00 04 09 03 04 00 03 09 01
0A 09 07 03 00 03 06 00 02 09 0B 03 00 03 05 00
0A 09 07 03 0C 03 0E 00 0B 0C 03 03 08 04 05 01
0C 08 00 03 08 04 08 00 03 0F 0C 03 08 04 06 00
02 07 00 03 08 04 06 00 02 07 0A 02 00 06 07 00
04 09 00 03 00 06 07 00 03 0F 03 04 00 06 04 00
02 0B 00 04 00 06 03 00 02 0A 08 04 00 06 02 00
0A 0A 01 0F 00 09 0A 02 00 00 00 00 00 00 00 00
00 00 00 00 00 00 00 00 00 00 00 00 00 00 00 00
00 00 00 00 00 00 00 00 00 00 00 00 00 00 00 00
00 00 00 00 00 00 00 00 00 00 00 00 00 00 00 00
00 00 00 00 00 00 00 00 00 00 00 00 00 00 00 00
00 00 00 00 00 00 00 00 00 00 00 00 00 00 00 00
00 00 00 00 00 00 00 00 00 00 00 00 00 00 00 00
00 00 00 00 00 00 00 00 00 00 00 00 00 00 00 00
00 00 00 00 00 00 00 00 00 00 00 00 00 00 00 00
00 00 00 00 00 00 00 00 00 00 00 00 00 00 00 00
00 00 00 00 00 00 00 00 00 00 00 00 00 00 00 00
00 00 00 00 00 00 00 00 00 00 00 00 00 00 00 00
00 00 00 00 00 00 00 00 00 00 00 00 00 00 00 00
00 00 00 00 00 00 00 00 00 00 00 00 00 00 00 00
00 00 00 00 00 00 00 00 00 00 00 00 00 00 00 00
00 00 00 00 00 00 00 00 00 00 00 00 00 00 00 00
00 00 00 00 00 00 00 00 00 00 00 00 00 00 00 00
00 00 00 00 00 00 00 00 00 00 00 00 00 00 00 00
00 00 00 00 00 00 00 00 00 00 00 00 00 00 00 00
00 00 00 00 00 00 00 00 00 00 00 00 00 00 00 00
00 00 00 00 00 00 00 00 00 00 00 00 00 00 00 00
00 00 00 00 00 00 00 00 00 00 00 00 00 00 00 00
00 00 00 00 00 00 00 00 00 00 00 00 00 00 00 00
00 00 00 00 00 00 00 00 00 00 00 00 00 00 00 00
00 00 00 00 00 00 00 00 00 00 00 00 00 00 00 00
00 00 00 00 00 00 00 00 00 00 00 00 00 00 00 00
00 00 00 00 00 00 00 00 00 00 00 00 00 00 00 00
00 00 00 00 00 00 00 00 00 00 00 00 00 00 00 00
00 00 00 00 00 00 00 00 00 00 00 00 00 00 00 00
00 00 00 00 00 00 00 00 00 00 00 00 00 00 00 00
00 00 00 00 00 00 00 00 00 00 00 00 00 00 00 00
00 00 00 00 00 00 00 00 00 00 00 00 00 00 00 00
00 00 00 00 00 00 00 00 00 00 00 00 00 00 00 00
00 00 00 00 00 00 00 00 00 00 00 00 00 00 00 00
00 00 00 00 00 00 00 00 00 00 00 00 00 00 00 00
00 00 00 00 00 00 00 00 00 00 00 00 00 00 00 00
00 00 00 00 00 00 00 00 00 00 00 00 00 00 00 00
00 00 00 00 00 00 00 00 00 00 00 00 00 00 00 00
00 00 00 00 00 00 00 00 00 00 00 00 00 00 00 00
00 00 00 00 00 00 00 00 00 00 00 00 00 00 00 00
00 00 00 00 00 00 00 00 00 00 00 00 00 00 00 00
00 00 00 00 00 00 00 00 00 00 00 00 00 00 00 00
00 00 00 00 00 00 00 00 00 00 00 00 00 00 00 00
00 00 00 00 00 00 00 00 00 00 00 00 00 00 00 00
00 00 00 00 00 00 00 00 00 00 00 00 00 00 00 00
00 00 00 00 00 00 00 00 00 00 00 00 00 00 00 00
00 00 00 00 00 00 00 00 00 00 00 00 00 00 00 00
00 00 00 00 00 00 00 00 00 00 00 00 00 00 00 00
00 00 00 00 00 00 00 00 00 00 00 00 00 00 00 00
00 00 00 00 00 00 00 00 00 00 00 00 00 00 00 00
00 00 00 00 00 00 00 00 00 00 00 00 00 00 00 00
00 00 00 00 00 00 00 00 00 00 00 00 00 00 00 00
00 00 00 00 00 00 00 00 00 00 00 00 00 00 00 00
00 00 00 00 00 00 00 00 00 00 00 00 00 00 00 00
00 00 00 00 00 00 00 00 00 00 00 00 00 00 00 00
00 00 00 00 00 00 00 00 00 00 00 00 00 00 00 00
00 00 00 00 00 00 00 00 00 00 00 00 00 00 00 00
00 00 00 00 00 00 00 00 00 00 00 00 00 00 00 00
00 00 00 00 00 00 00 00 00 00 00 00 00 00 00 00
00 00 00 00 00 00 00 00 00 00 00 00 00 00 00 00
00 00 00 00 00 00 00 00 00 00 00 00 00 00 00 00
00 00 00 00 00 00 00 00 00 00 00 00 00 00 00 00
00 00 00 00 00 00 00 00 00 00 00 00 00 00 00 00
00 00 00 00 00 00 00 00 00 00 00 00 00 00 00 00
00 00 00 00 00 00 00 00 00 00 00 00 00 00 00 00
00 00 00 00 00 00 00 00 00 00 00 00 00 00 00 00
00 00 00 00 00 00 00 00 00 00 00 00 00 00 00 00
00 00 00 00 00 00 