40 00 21 05 03 03 00 00 00 00 0A 01 00 00 02 03
00 00 0C 07 00 00 00 00 08 03 08 01 00 00 00 00
00 00 00 00 00 00 0A 02 00 00 01 00 04 07 0B 02
00 00 08 01 0B 0D 0A 02 08 01 06 00 0C 00 00 03
08 01 08 01 0B 08 0E 02 01 03 01 00 04 01 02 03
01 03 08 01 0B 0C 01 0F 08 04 09 0F 08 04 08 0F
00 00 08 01 0C 04 08 0F 00 00 05 01 03 0C 08 0F
08 01 01 00 0C 00 08 0F 00 03 01 00 0C 04 08 0F
00 03 03 00 0B 09 01 0F 08 04 06 03 00 00 0C 00
04 0F 0E 02 00 00 0C 00 04 0B 00 03 00 00 04 00
0B 0F 0C 04 00 00 08 00 02 0B 04 05 00 00 08 00
02 0E 08 04 00 00 08 00 0A 0D 08 04 0C 00 0C 00
0A 08 09 03 0C 00 0C 00 02 07 0A 02 08 01 05 00
04 05 0A 04 08 01 0C 00 0A 09 0A 03 08 01 0C 00
0A 08 0C 04 04 02 0C 00 0A 0B 0C 03 04 02 0C 00
0A 09 0A 02 00 03 08 00 0C 08 0D 04 00 03 0C 00
02 0D 0E 03 00 03 0C 00 02 0C 0F 04 0C 03 0B 00
0A 0E 00 04 0C 03 0C 00 0A 0E 01 0F 08 04 06 03
00 00 0A 00 0C 0E 0E 02 00 00 0A 00 0C 0A 0F 02
00 00 0A 00 0B 0F 03 04 00 00 09 00 02 0F 0E 03
00 00 09 00 02 0E 03 05 00 00 09 00 02 0E 0A 02
08 01 08 00 04 06 0F 04 08 01 0C 00 02 0B 00 04
08 01 0C 00 0A 07 01 05 04 02 0C 00 0A 0C 01 04
04 02 0B 00 0A 08 06 03 00 03 06 00 0C 0B 0B 02
00 03 08 00 03 0D 01 04 00 03 05 00 0A 0F 02 05
00 03 0C 00 0A 0D 02 04 00 03 0B 00 02 0A 03 05
0C 03 0C 00 0A 0F 03 04 0C 03 0B 00 0A 0D 09 0F
08 04 01 03 00 00 09 00 04 0B 00 03 00 00 0A 00
0B 0F 00 04 00 00 06 00 0A 0F 04 05 00 00 0A 00
0A 0F 08 04 00 00 0A 00 0A 0F 01 0F 08 04 09 0F
08 04 01 03 00 00 09 00 04 0B 00 03 00 00 0A 00
0B 0F 00 04 00 00 06 00 0A 0F 04 05 00 00 0A 00
0A 0F 08 04 00 00 0A 00 0A 0F 01 0F 08 04 01 05
04 02 0C 00 0A 0C 01 04 04 02 0B 00 0A 08 06 03
00 03 06 00 0C 0B 0B 02 00 03 08 00 03 0D 01 04
00 03 05 00 0A 0F 02 05 00 03 0C 00 0A 0D 02 04
00 03 0B 00 02 0A 03 05 0C 03 0C 00 0A 0F 03 04
0C 03 0B 00 0A 0D 09 0F 08 04 01 03 00 00 09 00
04 0B 00 03 00 00 0A 00 0B 0F 00 04 00 00 06 00
0A 0F 04 05 00 00 0A 00 0A 0F 08 04 00 00 0A 00
0A 0F 01 0F 08 04 0A 02 00 00 00 00 00 00 00 00
00 00 00 00 00 00 00 00 00 00 00 00 00 00 00 00
00 00 00 00 00 00 00 00 00 00 00 00 00 00 00 00
00 00 00 00 00 00 00 00 00 00 00 00 00 00 00 00
00 00 00 00 00 00 00 00 00 00 00 00 00 00 00 00
00 00 00 00 00 00 00 00 00 00 00 00 00 00 00 00
00 00 00 00 00 00 00 00 00 00 00 00 00 00 00 00
00 00 00 00 00 00 00 00 00 00 00 00 00 00 00 00
00 00 00 00 00 00 00 00 00 00 00 00 00 00 00 00
00 00 00 00 00 00 00 00 00 00 00 00 00 00 00 00
00 00 00 00 00 00 00 00 00 00 00 00 00 00 00 00
00 00 00 00 00 00 00 00 00 00 00 00 00 00 00 00
00 00 00 00 00 00 00 00 00 00 00 00 00 00 00 00
00 00 00 00 00 00 00 00 00 00 00 00 00 00 00 00
00 00 00 00 00 00 00 00 00 00 00 00 00 00 00 00
00 00 00 00 00 00 00 00 00 00 00 00 00 00 00 00
00 00 00 00 00 00 00 00 00 00 00 00 00 00 00 00
00 00 00 00 00 00 00 00 00 00 00 00 00 00 00 00
00 00 00 00 00 00 00 00 00 00 00 00 00 00 00 00
00 00 00 00 00 00 00 00 00 00 00 00 00 00 00 00
00 00 00 00 00 00 00 00 00 00 00 00 00 00 00 00
00 00 00 00 00 00 00 00 00 00 00 00 00 00 00 00
00 00 00 00 00 00 00 00 00 00 00 00 00 00 00 00
00 00 00 00 00 00 00 00 00 00 00 00 00 00 00 00
00 00 00 00 00 00 00 00 00 00 00 00 00 00 00 00
00 00 00 00 00 00 00 00 00 00 00 00 00 00 00 00
00 00 00 00 00 00 00 00 00 00 00 00 00 00 00 00
00 00 00 00 00 00 00 00 00 00 00 00 00 00 00 00
00 00 00 00 00 00 00 00 00 00 00 00 00 00 00 00
00 00 00 00 00 00 00 00 00 00 00 00 00 00 00 00
00 00 00 00 00 00 00 00 00 00 00 00 00 00 00 00
00 00 00 00 00 00 00 00 00 00 00 00 00 00 00 00
00 00 00 00 00 00 00 00 00 00 00 00 00 00 00 00
00 00 00 00 00 00 00 00 00 00 00 00 00 00 00 00
00 00 00 00 00 00 00 00 00 00 00 00 00 00 00 00
00 00 00 00 00 00 00 00 00 00 00 00 00 00 00 00
00 00 00 00 00 00 00 00 00 00 00 00 00 00 00 00
00 00 00 00 00 00 00 00 00 00 00 00 00 00 00 00
00 00 00 00 00 00 00 00 00 00 00 00 00 00 00 00
00 00 00 00 00 00 00 00 00 00 00 00 00 00 00 00
00 00 00 00 00 00 00 00 00 00 00 00 00 00 00 00
00 00 00 00 00 00 00 00 00 00 00 00 00 00 00 00
00 00 00 00 00 00 00 00 00 00 00 00 00 00 00 00
00 00 00 00 00 00 00 00 00 00 00 00 00 00 00 00
00 00 00 00 00 00 00 00 00 00 00 00 00 00 00 00
00 00 00 00 00 00 00 00 00 00 00 00 00 00 00 00
00 00 00 00 00 00 00 00 00 00 00 00 00 00 00 00
00 00 00 00 00 00 00 00 00 00 00 00 00 00 00 00
00 00 00 00 00 00 00 00 00 00 00 00 00 00 00 00
00 00 00 00 00 00 00 00 00 00 00 00 00 00 00 00
00 00 00 00 00 00 00 00 00 00 00 00 00 00 00 00
00 00 00 00 00 00 00 00 00 00 00 00 00 00 00 00
00 00 00 00 00 00 00 00 00 00 00 00 00 00 00 00
00 00 00 00 00 00 00 00 00 00 00 00 00 00 00 00
00 00 00 00 00 00 00 00 00 00 00 00 00 00 00 00
00 00 00 00 00 00 00 00 00 00 00 00 00 00 00 00
00 00 00 00 00 00 00 00 00 00 00 00 00 00 00 00
00 00 00 00 00 00 00 00 00 00 00 00 00 00 00 00
00 00 00 00 00 00 00 00 00 00 00 00 00 00 00 00
00 00 00 00 00 00 00 00 00 00 00 00 00 00 00 00
00 00 00 00 00 00 00 00 00 00 00 00 00 00 00 00
00 00 00 00 00 00 00 00 00 00 00 00 00 00 00 00
00 00 00 00 00 00 00 00 00 00 00 00 00 00 00 00
00 00 00 00 00 00 00 00 00 00 00 00 00 00 00 00
00 00 00 00 00 00 00 00 00 00 00 00 00 00 00 00
00 00 00 00 00 00 00 00 00 00 00 00 00 00 00 00
00 00 00 00 00 00 00 00 00 00 00 00 00 00 00 00
00 00 00 00 00 00 00 00 00 00 00 00 00 00 00 00
00 00 00 00 00 00 00 00 00 00 00 00 00 00 00 00
00 00 00 00 00 00 00 00 00 00 00 00 00 00 00 00
00 00 00 00 00 00 00 00 00 00 00 00 00 00 00 00
00 00 00 00 00 00 00 00 00 00 00 00 00 00 00 00
00 00 00 00 00 00 00 00 00 00 00 00 00 00 00 00
00 00 00 00 00 00 00 00 00 00 00 00 00 00 00 00
00 00 00 00 00 00 00 00 00 00 00 00 00 00 00 00
00 00 00 00 00 00 00 00 00 00 00 00 00 00 00 00
00 00 00 00 00 00 00 00 00 00 00 00 00 00 00 00
00 00 00 00 00 00 00 00 00 00 00 00 00 00 00 00
00 00 00 00 00 00 00 00 00 00 00 00 00 00 00 00
00 00 00 00 00 00 00 00 00 00 00 00 00 00 00 00
00 00 00 00 00 00 00 00 00 00 00 00 00 00 00 00
00 00 00 00 00 00 00 00 00 00 00 00 00 00 00 00
00 00 00 00 00 00 00 00 00 00 00 00 00 00 00 00
00 00 00 00 00 00 00 00 00 00 00 00 00 00 00 00
00 00 00 00 00 00 00 00 00 00 00 00 00 00 00 00
00 00 00 00 00 00 00 00 00 00 00 00 00 00 00 00
00 00 00 00 00 00 00 00 00 00 00 00 00 00 00 00
00 00 00 00 00 00 00 00 00 00 00 00 00 00 00 00
00 00 00 00 00 00 00 00 00 00 00 00 00 00 00 00
00 00 00 00 00 00 00 00 00 00 00 00 00 00 00 00
00 00 00 00 00 00 00 00 00 00 00 00 00 00 00 00
00 00 00 00 00 00 00 00 00 00 00 00 00 00 00 00
00 00 00 00 00 00 00 00 00 00 00 00 00 00 00 00
00 00 00 00 00 00 00 00 00 00 00 00 00 00 00 00
00 00 00 00 00 00 00 00 00 00 00 00 00 00 00 00
00 00 00 00 00 00 00 00 00 00 00 00 00 00 00 00
00 00 00 00 00 00 00 00 00 00 00 00 00 00 00 00
00 00 06 03 00 00 0C 00 04 0F 0E 02 00 00 0C 00
04 0B 00 03 00 00 04 00 0B 0F 0C 04 00 00 08 00
02 0B 04 05 00 00 08 00 02 0E 08 04 00 00 08 00
0A 0D 08 04 0C 00 0C 00 0A 08 09 03 0C 00 0C 00
02 07 0A 02 08 01 05 00 04 05 0A 04 08 01 0C 00
0A 09 0A 03 08 01 0C 00 0A 08 0C 04 04 02 0C 00
0A 0B 0C 03 04 02 0C 00 0A 09 0A 02 00 03 08 00
0C 08 0D 04 00 03 0C 00 02 0D 0E 03 00 03 0C 00
02 0C 0F 04 0C 03 0B 00 0A 0E 00 04 0C 03 0C 00
0A 0E 01 0F 08 04 06 03 00 00 0A 00 0C 0E 0E 02
00 00 0A 00 0C 0A 0F 02 00 00 0A 00 0B 0F 03 04
00 00 09 00 02 0F 0E 03 00 00 09 00 02 0E 03 05
00 00 09 00 02 0E 0A 02 08 01 08 00 04 06 0F 04
08 01 0C 00 02 0B 00 04 08 01 0C 00 0A 07 01 05
04 02 0C 00 0A 0C 01 04 04 02 0B 00 0A 08 06 03
00 03 06 00 0C 0B 0B 02 00 03 08 00 03 0D 01 04
00 03 05 00 0A 0F 02 05 00 03 0C 00 0A 0D 02 04
00 03 0B 00 02 0A 03 05 0C 03 0C 00 0A 0F 03 04
0C 03 0B 00 0A 0D 09 0F 08 04 01 03 00 00 09 00
04 0B 00 03 00 00 0A 00 0B 0F 00 04 00 00 06 00
0A 0F 04 05 00 00 0A 00 0A 0F 08 04 00 00 0A 00
0A 0F 01 0F 08 04 00 00 00 00 0A 01 00 00 0E 01
00 00 08 06 00 00 00 00 08 03 08 01 00 00 00 00
00 00 00 00 00 00 0A 02 00 00 01 00 04 07 0B 02
00 00 08 01 0B 0D 0A 02 08 01 06 00 0C 00 00 03
08 01 08 01 0B 08 0E 02 01 03 01 00 04 01 02 03
01 03 08 01 0B 0C 01 0F 08 04 09 0F 08 04 01 0F
08 04 06 03 00 00 0C 00 04 0F 0E 02 00 00 0C 00
04 0B 00 03 00 00 04 00 0B 0F 0C 04 00 00 08 00
02 0B 04 05 00 00 08 00 02 0E 08 04 00 00 08 00
0A 0D 08 04 0C 00 0C 00 0A 08 09 03 0C 00 0C 00
02 07 0A 02 08 01 05 00 04 05 0A 04 08 01 0C 00
0A 09 0A 03 08 01 0C 00 0A 08 0C 04 04 02 0C 00
0A 0B 0C 03 04 02 0C 00 0A 09 0A 02 00 03 08 00
0C 08 0D 04 00 03 0C 00 02 0D 0E 03 00 03 0C 00
02 0C 0F 04 0C 03 0B 00 0A 0E 00 04 0C 03 0C 00
0A 0E 01 0F 08 04 06 03 00 00 0A 00 0C 0E 0E 02
00 00 0A 00 0C 0A 0F 02 00 00 0A 00 0B 0F 03 04
00 00 09 00 02 0F 0E 03 00 00 09 00 02 0E 03 05
00 00 09 00 02 0E 0A 02 08 01 08 00 04 06 0F 04
08 01 0C 00 02 0B 00 04 08 01 0C 00 0A 07 01 05
04 02 0C 00 0A 0C 01 04 04 02 0B 00 0A 08 06 03
00 03 06 00 0C 0B 0B 02 00 03 08 00 03 0D 01 04
00 03 05 00 0A 0F 02 05 00 03 0C 00 0A 0D 02 04
00 03 0B 00 02 0A 03 05 0C 03 0C 00 0A 0F 03 04
0C 03 0B 00 0A 0D 09 0F 08 04 01 03 00 00 09 00
04 0B 00 03 00 00 0A 00 0B 0F 00 04 00 00 06 00
0A 0F 04 05 00 00 0A 00 0A 0F 08 04 00 00 0A 00
0A 0F 01 0F 08 04 09 00 04 0B 00 03 00 00 0A 00
0B 0F 00 04 00 00 06 00 0A 0F 04 05 00 00 0A 00
0A 0F 08 04 00 00 0A 00 0A 0F 01 0F 08 04 09 0F
08 04 01 03 00 00 09 00 04 0B 00 03 00 00 0A 00
0B 0F 00 04 00 00 06 00 0A 0F 04 05 00 00 0A 00
0A 0F 08 04 00 00 0A 00 0A 0F 01 0F 08 04 01 05
04 02 0C 00 0A 0C 01 04 04 02 0B 00 0A 08 06 03
00 03 06 00 0C 0B 0B 02 00 03 08 00 03 0D 01 04
00 03 05 00 0A 0F 02 05 00 03 0C 00 0A 0D 02 04
00 03 0B 00 02 0A 03 05 0C 03 0C 00 0A 0F 03 04
0C 03 0B 00 0A 0D 09 0F 08 04 01 03 00 00 09 00
04 0B 00 03 00 00 0A 00 0B 0F 00 04 00 00 06 00
0A 0F 04 05 00 00 0A 00 0A 0F 08 04 00 00 0A 00
0A 0F 01 0F 08 04 0A 02 00 00 00 00 00 00 00 00
00 00 00 00 00 00 00 00 00 00 00 00 00 00 00 00
00 00 00 00 00 00 00 00 00 00 00 00 00 00 00 00
00 00 00 00 00 00 00 00 00 00 00 00 00 00 00 00
00 00 00 00 00 00 00 00 00 00 00 00 00 00 00 00
00 00 00 00 00 00 00 00 00 00 00 00 00 00 00 00
00 00 00 00 00 00 00 00 00 00 00 00 00 00 00 00
00 00 00 00 00 00 00 00 00 00 00 00 00 00 00 00
00 00 00 00 00 00 00 00 00 00 00 00 00 00 00 00
00 00 00 00 00 00 00 00 00 00 00 00 00 00 00 00
00 00 00 00 00 00 00 00 00 00 00 00 00 00 00 00
00 00 00 00 00 00 00 00 00 00 00 00 00 00 00 00
00 00 00 00 00 00 00 00 00 00 00 00 00 00 00 00
00 00 00 00 00 00 00 00 00 00 00 00 00 00 00 00
00 00 00 00 00 00 00 00 00 00 00 00 00 00 00 00
00 00 00 00 00 00 00 00 00 00 00 00 00 00 00 00
00 00 00 00 00 00 00 00 00 00 00 00 00 00 00 00
00 00 00 00 00 00 00 00 00 00 00 00 00 00 00 00
00 00 00 00 00 00 00 00 00 00 00 00 00 00 00 00
00 00 00 00 00 00 00 00 00 00 00 00 00 00 00 00
00 00 00 00 00 00 00 00 00 00 00 00 00 00 00 00
00 00 00 00 00 00 00 00 00 00 00 00 00 00 00 00
00 00 00 00 00 00 00 00 00 00 00 00 00 00 00 00
00 00 00 00 00 00 00 00 00 00 00 00 00 00 00 00
00 00 00 00 00 00 00 00 00 00 00 00 00 00 00 00
00 00 00 00 00 00 00 00 00 00 00 00 00 00 00 00
00 00 00 00 00 00 00 00 00 00 00 00 00 00 00 00
00 00 00 00 00 00 00 00 00 00 00 00 00 00 00 00
00 00 00 00 00 00 00 00 00 00 00 00 00 00 00 00
00 00 00 00 00 00 00 00 00 00 00 00 00 00 00 00
00 00 00 00 00 00 00 00 00 00 00 00 00 00 00 00
00 00 00 00 00 00 00 00 00 00 00 00 00 00 00 00
00 00 00 00 00 00 00 00 00 00 00 00 00 00 00 00
00 00 00 00 00 00 00 00 00 00 00 00 00 00 00 00
00 00 00 00 00 00 00 00 00 00 00 00 00 00 00 00
00 00 00 00 00 00 00 00 00 00 00 00 00 00 00 00
00 00 00 00 00 00 00 00 00 00 00 00 00 00 00 00
00 00 00 00 00 00 00 00 00 00 00 00 00 00 00 00
00 00 00 00 00 00 00 00 00 00 00 00 00 00 00 00
00 00 00 00 00 00 00 00 00 00 00 00 00 00 00 00
00 00 00 00 00 00 00 00 00 00 00 00 00 00 00 00
00 00 00 00 00 00 00 00 00 00 00 00 00 00 00 00
00 00 00 00 00 00 00 00 00 00 00 00 00 00 00 00
00 00 00 00 00 00 00 00 00 00 00 00 00 00 00 00
00 00 00 00 00 00 00 00 00 00 00 00 00 00 00 00
00 00 00 00 00 00 00 00 00 00 00 00 00 00 00 00
00 00 00 00 00 00 00 00 00 00 00 00 00 00 00 00
00 00 00 00 00 00 00 00 00 00 00 00 00 00 00 00
00 00 00 00 00 00 00 00 00 00 00 00 00 00 00 00
00 00 00 00 00 00 00 00 00 00 00 00 00 00 00 00
00 00 00 00 00 00 00 00 00 00 00 00 00 00 00 00
00 00 00 00 00 00 00 00 00 00 00 00 00 00 00 00
00 00 00 00 00 00 00 00 00 00 00 00 00 00 00 00
00 00 00 00 00 00 00 00 00 00 00 00 00 00 00 00
00 00 00 00 00 00 00 00 00 00 00 00 00 00 00 00
00 00 00 00 00 00 00 00 00 00 00 00 00 00 00 00
00 00 00 00 00 00 00 00 00 00 00 00 00 00 00 00
00 00 00 00 00 00 00 00 00 00 00 00 00 00 00 00
00 00 00 00 00 00 00 00 00 00 00 00 00 00 00 00
00 00 00 00 00 00 00 00 00 00 00 00 00 00 00 00
00 00 00 00 00 00 00 00 00 00 00 00 00 00 00 00
00 00 00 00 00 00 00 00 00 00 00 00 00 00 00 00
00 00 00 00 00 00 00 00 00 00 00 00 00 00 00 00
00 00 00 00 00 00 00 00 00 00 00 00 00 00 00 00
00 00 00 00 00 00 00 00 00 00 00 00 00 00 00 00
00 00 00 00 00 00 00 00 00 00 00 00 00 00 00 00
00 00 00 00 00 00 00 00 00 00 00 00 00 00 00 00
00 00 00 00 00 00 00 00 00 00 00 00 00 00 00 00
00 00 00 00 00 00 00 00 00 00 00 00 00 00 00 00
00 00 00 00 00 00 00 00 00 00 00 00 00 00 00 00
00 00 00 00 00 00 00 00 00 00 00 00 00 00 00 00
00 00 00 00 00 00 00 00 00 00 00 00 00 00 00 00
00 00 00 00 00 00 00 00 00 00 00 00 00 00 00 00
00 00 00 00 00 00 00 00 00 00 00 00 00 00 00 00
00 00 00 00 00 00 00 00 00 00 00 00 00 00 00 00
00 00 00 00 00 00 00 00 00 00 00 00 00 00 00 00
00 00 00 00 00 00 00 00 00 00 00 00 00 00 00 00
00 00 00 00 00 00 00 00 00 00 00 00 00 00 00 00
00 00 00 00 00 00 00 00 00 00 00 00 00 00 00 00
00 00 00 00 00 00 00 00 00 00 00 00 00 00 00 00
00 00 00 00 00 00 00 00 00 00 00 00 00 00 00 00
00 00 00 00 00 00 00 00 00 00 00 00 00 00 00 00
00 00 00 00 00 00 00 00 00 00 00 00 00 00 00 00
00 00 00 00 00 00 00 00 00 00 00 00 00 00 00 00
00 00 00 00 00 00 00 00 00 00 00 00 00 00 00 00
00 00 00 00 00 00 00 00 00 00 00 00 00 00 00 00
00 00 00 00 00 00 00 00 00 00 00 00 00 00 00 00
00 00 00 00 00 00 00 00 00 00 00 00 00 00 00 00
00 00 00 00 00 00 00 00 00 00 00 00 00 00 00 00
00 00 00 00 00 00 00 00 00 00 00 00 00 00 00 00
00 00 00 00 00 00 00 00 00 00 00 00 00 00 00 00
00 00 00 00 00 00 00 00 00 00 00 00 00 00 00 00
00 00 00 00 00 00 00 00 00 00 00 00 00 00 00 00
00 00 00 00 00 00 00 00 00 00 00 00 00 00 00 00
00 00 00 00 00 00 00 00 00 00 00 00 00 00 00 00
00 00 00 00 00 00 00 00 00 00 00 00 00 00 00 00
00 00 00 00 00 00 00 00 00 00 00 00 00 00 00 00
00 00 06 03 00 00 0C 00 04 0F 0E 02 00 00 0C 00
04 0B 00 03 00 00 04 00 0B 0F 0C 04 00 00 08 00
02 0B 04 05 00 00 08 00 02 0E 08 04 00 00 08 00
0A 0D 08 04 0C 00 0C 00 0A 08 09 03 0C 00 0C 00
02 07 0A 02 08 01 05 00 04 05 0A 04 08 01 0C 00
0A 09 0A 03 08 01 0C 00 0A 08 0C 04 04 02 0C 00
0A 0B 0C 03 04 02 0C 00 0A 09 0A 02 00 03 08 00
0C 08 0D 04 00 03 0C 00 02 0D 0E 03 00 03 0C 00
02 0C 0F 04 0C 03 0B 00 0A 0E 00 04 0C 03 0C 00
0A 0E 01 0F 08 04 06 03 00 00 0A 00 0C 0E 0E 02
00 00 0A 00 0C 0A 0F 02 00 00 0A 00 0B 0F 03 04
00 00 09 00 02 0F 0E 03 00 00 09 00 02 0E 03 05
00 00 09 00 02 0E 0A 02 08 01 08 00 04 06 0F 04
08 01 0C 00 02 0B 00 04 08 01 0C 00 0A 07 01 05
04 02 0C 00 0A 0C 01 04 04 02 0B 00 0A 08 06 03
00 03 06 00 0C 0B 0B 02 00 03 08 00 03 0D 01 04
00 03 05 00 0A 0F 02 05 00 03 0C 00 0A 0D 02 04
00 03 0B 00 02 0A 03 05 0C 03 0C 00 0A 0F 03 04
0C 03 0B 00 0A 0D 09 0F 08 04 01 03 00 00 09 00
04 0B 00 03 00 00 0A 00 0B 0F 00 04 00 00 06 00
0A 0F 04 05 00 00 0A 00 0A 0F 08 04 00 00 0A 00
0A 0F 01 0F 08 04 00 00 00 00 0A 01 00 00 0E 01
00 00 08 06 00 00 00 00 08 03 08 01 00 00 00 00
00 00 00 00 00 00 0A 02 00 00 01 00 04 07 0B 02
00 00 08 01 0B 0D 0A 02 08 01 06 00 0C 00 00 03
08 01 08 01 0B 08 0E 02 01 03 01 00 04 01 02 03
01 03 08 01 0B 0C 01 0F 08 04 09 0F 08 04 01 0F
08 04 06 03 00 00 0C 00 04 0F 0E 02 00 00 0C 00
04 0B 00 03 00 00 04 00 0B 0F 0C 04 00 00 08 00
02 0B 04 05 00 00 08 00 02 0E 08 04 00 00 08 00
0A 0D 08 04 0C 00 0C 00 0A 08 09 03 0C 00 0C 00
02 07 0A 02 08 01 05 00 04 05 0A 04 08 01 0C 00
0A 09 0A 03 08 01 0C 00 0A 08 0C 04 04 02 0C 00
0A 0B 0C 03 04 02 0C 00 0A 09 0A 02 00 03 08 00
0C 08 0D 04 00 03 0C 00 02 0D 0E 03 00 03 0C 00
02 0C 0F 04 0C 03 0B 00 0A 0E 00 04 0C 03 0C 00
0A 0E 01 0F 08 04 06 03 00 00 0A 00 0C 0E 0E 02
00 00 0A 00 0C 0A 0F 02 00 00 0A 00 0B 0F 03 04
00 00 09 00 02 0F 0E 03 00 00 09 00 02 0E 03 05
00 00 09 00 02 0E 0A 02 08 01 08 00 04 06 0F 04
08 01 0C 00 02 0B 00 04 08 01 0C 00 0A 07 01 05
04 02 0C 00 0A 0C 01 04 04 02 0B 00 0A 08 06 03
00 03 06 00 0C 0B 0B 02 00 03 08 00 03 0D 01 04
00 03 05 00 0A 0F 02 05 00 03 0C 00 0A 0D 02 04
00 03 0B 00 02 0A 03 05 0C 03 0C 00 0A 0F 03 04
0C 03 0B 00 0A 0D 09 0F 08 04 01 03 00 00 09 00
04 0B 00 03 00 00 0A 00 0B 0F 00 04 00 00 06 00
0A 0F 04 05 00 00 0A 00 0A 0F 08 04 00 00 0A 00
0A 0F 01 0F 08 04 09 00 04 0B 00 03 00 00 0A 00
0B 0F 00 04 00 00 06 00 0A 0F 04 05 00 00 0A 00
0A 0F 08 04 00 00 0A 00 0A 0F 01 0F 08 04 09 0F
08 04 01 03 00 00 09 00 04 0B 00 03 00 00 0A 00
0B 0F 00 04 00 00 06 00 0A 0F 04 05 00 00 0A 00
0A 0F 08 04 00 00 0A 00 0A 0F 01 0F 08 04 01 05
04 02 0C 00 0A 0C 01 04 04 02 0B 00 0A 08 06 03
00 03 06 00 0C 0B 0B 02 00 03 08 00 03 0D 01 04
00 03 05 00 0A 0F 02 05 00 03 0C 00 0A 0D 02 04
00 03 0B 00 02 0A 03 05 0C 03 0C 00 0A 0F 03 04
0C 03 0B 00 0A 0D 09 0F 08 04 01 03 00 00 09 00
04 0B 00 03 00 00 0A 00 0B 0F 00 04 00 00 06 00
0A 0F 04 05 00 00 0A 00 0A 0F 08 04 00 00 0A 00
0A 0F 01 0F 08 04 0A 02 00 00 00 00 00 00 00 00
00 00 00 00 00 00 00 00 00 00 00 00 00 00 00 00
00 00 00 00 00 00 00 00 00 00 00 00 00 00 00 00
00 00 00 00 00 00 00 00 00 00 00 00 00 00 00 00
00 00 00 00 00 00 00 00 00 00 00 00 00 00 00 00
00 00 00 00 00 00 00 00 00 00 00 00 00 00 00 00
00 00 00 00 00 00 00 00 00 00 00 00 00 00 00 00
00 00 00 00 00 00 00 00 00 00 00 00 00 00 00 00
00 00 00 00 00 00 00 00 00 00 00 00 00 00 00 00
00 00 00 00 00 00 00 00 00 00 00 00 00 00 00 00
00 00 00 00 00 00 00 00 00 00 00 00 00 00 00 00
00 00 00 00 00 00 00 00 00 00 00 00 00 00 00 00
00 00 00 00 00 00 00 00 00 00 00 00 00 00 00 00
00 00 00 00 00 00 00 00 00 00 00 00 00 00 00 00
00 00 00 00 00 00 00 00 00 00 00 00 00 00 00 00
00 00 00 00 00 00 00 00 00 00 00 00 00 00 00 00
00 00 00 00 00 00 00 00 00 00 00 00 00 00 00 00
00 00 00 00 00 00 00 00 00 00 00 00 00 00 00 00
00 00 00 00 00 00 00 00 00 00 00 00 00 00 00 00
00 00 00 00 00 00 00 00 00 00 00 00 00 00 00 00
00 00 00 00 00 00 00 00 00 00 00 00 00 00 00 00
00 00 00 00 00 00 00 00 00 00 00 00 00 00 00 00
00 00 00 00 00 00 00 00 00 00 00 00 00 00 00 00
00 00 00 00 00 00 00 00 00 00 00 00 00 00 00 00
00 00 00 00 00 00 00 00 00 00 00 00 00 00 00 00
00 00 00 00 00 00 00 00 00 00 00 00 00 00 00 00
00 00 00 00 00 00 00 00 00 00 00 00 00 00 00 00
00 00 00 00 00 00 00 00 00 00 00 00 00 00 00 00
00 00 00 00 00 00 00 00 00 00 00 00 00 00 00 00
00 00 00 00 00 00 00 00 00 00 00 00 00 00 00 00
00 00 00 00 00 00 00 00 00 00 00 00 00 00 00 00
00 00 00 00 00 00 00 00 00 00 00 00 00 00 00 00
00 00 00 00 00 00 00 00 00 00 00 00 00 00 00 00
00 00 00 00 00 00 00 00 00 00 00 00 00 00 00 00
00 00 00 00 00 00 00 00 00 00 00 00 00 00 00 00
00 00 00 00 00 00 00 00 00 00 00 00 00 00 00 00
00 00 00 00 00 00 00 00 00 00 00 00 00 00 00 00
00 00 00 00 00 00 00 00 00 00 00 00 00 00 00 00
00 00 00 00 00 00 00 00 00 00 00 00 00 00 00 00
00 00 00 00 00 00 00 00 00 00 00 00 00 00 00 00
00 00 00 00 00 00 00 00 00 00 00 00 00 00 00 00
00 00 00 00 00 00 00 00 00 00 00 00 00 00 00 00
00 00 00 00 00 00 00 00 00 00 00 00 00 00 00 00
00 00 00 00 00 00 00 00 00 00 00 00 00 00 00 00
00 00 00 00 00 00 00 00 00 00 00 00 00 00 00 00
00 00 00 00 00 00 00 00 00 00 00 00 00 00 00 00
00 00 00 00 00 00 00 00 00 00 00 00 00 00 00 00
00 00 00 00 00 00 00 00 00 00 00 00 00 00 00 00
00 00 00 00 00 00 00 00 00 00 00 00 00 00 00 00
00 00 00 00 00 00 00 00 00 00 00 00 00 00 00 00
00 00 00 00 00 00 00 00 00 00 00 00 00 00 00 00
00 00 00 00 00 00 00 00 00 00 00 00 00 00 00 00
00 00 00 00 00 00 00 00 00 00 00 00 00 00 00 00
00 00 00 00 00 00 00 00 00 00 00 00 00 00 00 00
00 00 00 00 00 00 00 00 00 00 00 00 00 00 00 00
00 00 00 00 00 00 00 00 00 00 00 00 00 00 00 00
00 00 00 00 00 00 00 00 00 00 00 00 00 00 00 00
00 00 00 00 00 00 00 00 00 00 00 00 00 00 00 00
00 00 00 00 00 00 00 00 00 00 00 00 00 00 00 00
00 00 00 00 00 00 00 00 00 00 00 00 00 00 00 00
00 00 00 00 00 00 00 00 00 00 00 00 00 00 00 00
00 00 00 00 00 00 00 00 00 00 00 00 00 00 00 00
00 00 00 00 00 00 00 00 00 00 00 00 00 00 00 00
00 00 00 00 00 00 00 00 00 00 00 00 00 00 00 00
00 00 00 00 00 00 00 00 00 00 00 00 00 00 00 00
00 00 00 00 00 00 00 00 00 00 00 00 00 00 00 00
00 00 00 00 00 00 00 00 00 00 00 00 00 00 00 00
00 00 00 00 00 00 00 00 00 00 00 00 00 00 00 00
00 00 00 00 00 00 00 00 00 00 00 00 00 00 00 00
00 00 00 00 00 00 00 00 00 00 00 00 00 00 00 00
00 00 00 00 00 00 00 00 00 00 00 00 00 00 00 00
00 00 00 00 00 00 00 00 00 00 00 00 00 00 00 00
00 00 00 00 00 00 00 00 00 00 00 00 00 00 00 00
00 00 00 00 00 00 00 00 00 00 00 00 00 00 00 00
00 00 00 00 00 00 00 00 00 00 00 00 00 00 00 00
00 00 00 00 00 00 00 00 00 00 00 00 00 00 00 00
00 00 00 00 00 00 00 00 00 00 00 00 00 00 00 00
00 00 00 00 00 00 00 00 00 00 00 00 00 00 00 00
00 00 00 00 00 00 00 00 00 00 00 00 00 00 00 00
00 00 00 00 00 00 00 00 00 00 00 00 00 00 00 00
00 00 00 00 00 00 00 00 00 00 00 00 00 00 00 00
00 00 00 00 00 00 00 00 00 00 00 00 00 00 00 00
00 00 00 00 00 00 00 00 00 00 00 00 00 00 00 00
00 00 00 00 00 00 00 00 00 00 00 00 00 00 00 00
00 00 00 00 00 00 00 00 00 00 00 00 00 00 00 00
00 00 00 00 00 00 00 00 00 00 00 00 00 00 00 00
00 00 00 00 00 00 00 00 00 00 00 00 00 00 00 00
00 00 00 00 00 00 00 00 00 00 00 00 00 00 00 00
00 00 00 00 00 00 00 00 00 00 00 00 00 00 00 00
00 00 00 00 00 00 00 00 00 00 00 00 00 00 00 00
00 00 00 00 00 00 00 00 00 00 00 00 00 00 00 00
00 00 00 00 00 00 00 00 00 00 00 00 00 00 00 00
00 00 00 00 00 00 00 00 00 00 00 00 00 00 00 00
00 00 00 00 00 00 00 00 00 00 00 00 00 00 00 00
00 00 00 00 00 00 00 00 00 00 00 00 00 00 00 00
00 00 00 00 00 00 00 00 00 00 00 00 00 00 00 00
00 00 00 00 00 00 00 00 00 00 00 00 00 00 00 00
00 00 06 03 00 00 0C 00 04 0F 0E 02 00 00 0C 00
04 0B 00 03 00 00 04 00 0B 0F 0C 04 00 00 08 00
02 0B 04 05 00 00 08 00 02 0E 08 04 00 00 08 00
0A 0D 08 04 0C 00 0C 00 0A 08 09 03 0C 00 0C 00
02 07 0A 02 08 01 05 00 04 05 0A 04 08 01 0C 00
0A 09 0A 03 08 01 0C 00 0A 08 0C 04 04 02 0C 00
0A 0B 0C 03 04 02 0C 00 0A 09 0A 02 00 03 08 00
0C 08 0D 04 00 03 0C 00 02 0D 0E 03 00 03 0C 00
02 0C 0F 04 0C 03 0B 00 0A 0E 00 04 0C 03 0C 00
0A 0E 01 0F 08 04 06 03 00 00 0A 00 0C 0E 0E 02
00 00 0A 00 0C 0A 0F 02 00 00 0A 00 0B 0F 03 04
00 00 09 00 02 0F 0E 03 00 00 09 00 02 0E 03 05
00 00 09 00 02 0E 0A 02 08 01 08 00 04 06 0F 04
08 01 0C 00 02 0B 00 04 08 01 0C 00 0A 07 01 05
04 02 0C 00 0A 0C 01 04 04 02 0B 00 0A 08 06 03
00 03 06 00 0C 0B 0B 02 00 03 08 00 03 0D 01 04
00 03 05 00 0A 0F 02 05 00 03 0C 00 0A 0D 02 04
00 03 0B 00 02 0A 03 05 0C 03 0C 00 0A 0F 03 04
0C 03 0B 00 0A 0D 09 0F 08 04 01 03 00 00 09 00
04 0B 00 03 00 00 0A 00 0B 0F 00 04 00 00 06 00
0A 0F 04 05 00 00 0A 00 0A 0F 08 04 00 00 0A 00
0A 0F 01 0F 08 04 00 00 00 00 0A 01 00 00 0E 01
00 00 08 06 00 00 00 00 08 03 08 01 00 00 00 00
00 00 00 00 00 00 0A 02 00 00 01 00 04 07 0B 02
00 00 08 01 0B 0D 0A 02 08 01 06 00 0C 00 00 03
08 01 08 01 0B 08 0E 02 01 03 01 00 04 01 02 03
01 03 08 01 0B 0C 01 0F 08 04 09 0F 08 04 01 0F
08 04 06 03 00 00 0C 00 04 0F 0E 02 00 00 0C 00
04 0B 00 03 00 00 04 00 0B 0F 0C 04 00 00 08 00
02 0B 04 05 00 00 08 00 02 0E 08 04 00 00 08 00
0A 0D 08 04 0C 00 0C 00 0A 08 09 03 0C 00 0C 00
02 07 0A 02 08 01 05 00 04 05 0A 04 08 01 0C 00
0A 09 0A 03 08 01 0C 00 0A 08 0C 04 04 02 0C 00
0A 0B 0C 03 04 02 0C 00 0A 09 0A 02 00 03 08 00
0C 08 0D 04 00 03 0C 00 02 0D 0E 03 00 03 0C 00
02 0C 0F 04 0C 03 0B 00 0A 0E 00 04 0C 03 0C 00
0A 0E 01 0F 08 04 06 03 00 00 0A 00 0C 0E 0E 02
00 00 0A 00 0C 0A 0F 02 00 00 0A 00 0B 0F 03 04
00 00 09 00 02 0F 0E 03 00 00 09 00 02 0E 03 05
00 00 09 00 02 0E 0A 02 08 01 08 00 04 06 0F 04
08 01 0C 00 02 0B 00 04 08 01 0C 00 0A 07 01 05
04 02 0C 00 0A 0C 01 04 04 02 0B 00 0A 08 06 03
00 03 06 00 0C 0B 0B 02 00 03 08 00 03 0D 01 04
00 03 05 00 0A 0F 02 05 00 03 0C 00 0A 0D 02 04
00 03 0B 00 02 0A 03 05 0C 03 0C 00 0A 0F 03 04
0C 03 0B 00 0A 0D 09 0F 08 04 01 03 00 00 09 00
04 0B 00 03 00 00 0A 00 0B 0F 00 04 00 00 06 00
0A 0F 04 05 00 00 0A 00 0A 0F 08 04 00 00 0A 00
0A 0F 01 0F 08 04 09 00 04 0B 00 03 00 00 0A 00
0B 0F 00 04 00 00 06 00 0A 0F 04 05 00 00 0A 00
0A 0F 08 04 00 00 0A 00 0A 0F 01 0F 08 04 09 0F
08 04 01 03 00 00 09 00 04 0B 00 03 00 00 0A 00
0B 0F 00 04 00 00 06 00 0A 0F 04 05 00 00 0A 00
0A 0F 08 04 00 00 0A 00 0A 0F 01 0F 08 04 01 05
04 02 0C 00 0A 0C 01 04 04 02 0B 00 0A 08 06 03
00 03 06 00 0C 0B 0B 02 00 03 08 00 03 0D 01 04
00 03 05 00 0A 0F 02 05 00 03 0C 00 0A 0D 02 04
00 03 0B 00 02 0A 03 05 0C 03 0C 00 0A 0F 03 04
0C 03 0B 00 0A 0D 09 0F 08 04 01 03 00 00 09 00
04 0B 00 03 00 00 0A 00 0B 0F 00 04 00 00 06 00
0A 0F 04 05 00 00 0A 00 0A 0F 08 04 00 00 0A 00
0A 0F 01 0F 08 04 0A 02 00 00 00 00 00 00 00 00
00 00 00 00 00 00 00 00 00 00 00 00 00 00 00 00
00 00 00 00 00 00 00 00 00 00 00 00 00 00 00 00
00 00 00 00 00 00 00 00 00 00 00 00 00 00 00 00
00 00 00 00 00 00 00 00 00 00 00 00 00 00 00 00
00 00 00 00 00 00 00 00 00 00 00 00 00 00 00 00
00 00 00 00 00 00 00 00 00 00 00 00 00 00 00 00
00 00 00 00 00 00 00 00 00 00 00 00 00 00 00 00
00 00 00 00 00 00 00 00 00 00 00 00 00 00 00 00
00 00 00 00 00 00 00 00 00 00 00 00 00 00 00 00
00 00 00 00 00 00 00 00 00 00 00 00 00 00 00 00
00 00 00 00 00 00 00 00 00 00 00 00 00 00 00 00
00 00 00 00 00 00 00 00 00 00 00 00 00 00 00 00
00 00 00 00 00 00 00 00 00 00 00 00 00 00 00 00
00 00 00 00 00 00 00 00 00 00 00 00 00 00 00 00
00 00 00 00 00 00 00 00 00 00 00 00 00 00 00 00
00 00 00 00 00 00 00 00 00 00 00 00 00 00 00 00
00 00 00 00 00 00 00 00 00 00 00 00 00 00 00 00
00 00 00 00 00 00 00 00 00 00 00 00 00 00 00 00
00 00 00 00 00 00 00 00 00 00 00 00 00 00 00 00
00 00 00 00 00 00 00 00 00 00 00 00 00 00 00 00
00 00 00 00 00 00 00 00 00 00 00 00 00 00 00 00
00 00 00 00 00 00 00 00 00 00 00 00 00 00 00 00
00 00 00 00 00 00 00 00 00 00 00 00 00 00 00 00
00 00 00 00 00 00 00 00 00 00 00 00 00 00 00 00
00 00 00 00 00 00 00 00 00 00 00 00 00 00 00 00
00 00 00 00 00 00 00 00 00 00 00 00 00 00 00 00
00 00 00 00 00 00 00 00 00 00 00 00 00 00 00 00
00 00 00 00 00 00 00 00 00 00 00 00 00 00 00 00
00 00 00 00 00 00 00 00 00 00 00 00 00 00 00 00
00 00 00 00 00 00 00 00 00 00 00 00 00 00 00 00
00 00 00 00 00 00 00 00 00 00 00 00 00 00 00 00
00 00 00 00 00 00 00 00 00 00 00 00 00 00 00 00
00 00 00 00 00 00 00 00 00 00 00 00 00 00 00 00
00 00 00 00 00 00 00 00 00 00 00 00 00 00 00 00
00 00 00 00 00 00 00 00 00 00 00 00 00 00 00 00
00 00 00 00 00 00 00 00 00 00 00 00 00 00 00 00
00 00 00 00 00 00 00 00 00 00 00 00 00 00 00 00
00 00 00 00 00 00 00 00 00 00 00 00 00 00 00 00
00 00 00 00 00 00 00 00 00 00 00 00 00 00 00 00
00 00 00 00 00 00 00 00 00 00 00 00 00 00 00 00
00 00 00 00 00 00 00 00 00 00 00 00 00 00 00 00
00 00 00 00 00 00 00 00 00 00 00 00 00 00 00 00
00 00 00 00 00 00 00 00 00 00 00 00 00 00 00 00
00 00 00 00 00 00 00 00 00 00 00 00 00 00 00 00
00 00 00 00 00 00 00 00 00 00 00 00 00 00 00 00
00 00 00 00 00 00 00 00 00 00 00 00 00 00 00 00
00 00 00 00 00 00 00 00 00 00 00 00 00 00 00 00
00 00 00 00 00 00 00 00 00 00 00 00 00 00 00 00
00 00 00 00 00 00 00 00 00 00 00 00 00 00 00 00
00 00 00 00 00 00 00 00 00 00 00 00 00 00 00 00
00 00 00 00 00 00 00 00 00 00 00 00 00 00 00 00
00 00 00 00 00 00 00 00 00 00 00 00 00 00 00 00
00 00 00 00 00 00 00 00 00 00 00 00 00 00 00 00
00 00 00 00 00 00 00 00 00 00 00 00 00 00 00 00
00 00 00 00 00 00 00 00 00 00 00 00 00 00 00 00
00 00 00 00 00 00 00 00 00 00 00 00 00 00 00 00
00 00 00 00 00 00 00 00 00 00 00 00 00 00 00 00
00 00 00 00 00 00 00 00 00 00 00 00 00 00 00 00
00 00 00 00 00 00 00 00 00 00 00 00 00 00 00 00
00 00 00 00 00 00 00 00 00 00 00 00 00 00 00 00
00 00 00 00 00 00 00 00 00 00 00 00 00 00 00 00
00 00 00 00 00 00 00 00 00 00 00 00 00 00 00 00
00 00 00 00 00 00 00 00 00 00 00 00 00 00 00 00
00 00 00 00 00 00 00 00 00 00 00 00 00 00 00 00
00 00 00 00 00 00 00 00 00 00 00 00 00 00 00 00
00 00 00 00 00 00 00 00 00 00 00 00 00 00 00 00
00 00 00 00 00 00 00 00 00 00 00 00 00 00 00 00
00 00 00 00 00 00 00 00 00 00 00 00 00 00 00 00
00 00 00 00 00 00 00 00 00 00 00 00 00 00 00 00
00 00 00 00 00 00 00 00 00 00 00 00 00 00 00 00
00 00 00 00 00 00 00 00 00 00 00 00 00 00 00 00
00 00 00 00 00 00 00 00 00 00 00 00 00 00 00 00
00 00 00 00 00 00 00 00 00 00 00 00 00 00 00 00
00 00 00 00 00 00 00 00 00 00 00 00 00 00 00 00
00 00 00 00 00 00 00 00 00 00 00 00 00 00 00 00
00 00 00 00 00 00 00 00 00 00 00 00 00 00 00 00
00 00 00 00 00 00 00 00 00 00 00 00 00 00 00 00
00 00 00 00 00 00 00 00 00 00 00 00 00 00 00 00
00 00 00 00 00 00 00 00 00 00 00 00 00 00 00 00
00 00 00 00 00 00 00 00 00 00 00 00 00 00 00 00
00 00 00 00 00 00 00 00 00 00 00 00 00 00 00 00
00 00 00 00 00 00 00 00 00 00 00 00 00 00 00 00
00 00 00 00 00 00 00 00 00 00 00 00 00 00 00 00
00 00 00 00 00 00 00 00 00 00 00 00 00 00 00 00
00 00 00 00 00 00 00 00 00 00 00 00 00 00 00 00
00 00 00 00 00 00 00 00 00 00 00 00 00 00 00 00
00 00 00 00 00 00 00 00 00 00 00 00 00 00 00 00
00 00 00 00 00 00 00 00 00 00 00 00 00 00 00 00
00 00 00 00 00 00 00 00 00 00 00 00 00 00 00 00
00 00 00 00 00 00 00 00 00 00 00 00 00 00 00 00
00 00 00 00 00 00 00 00 00 00 00 00 00 00 00 00
00 00 00 00 00 00 00 00 00 00 00 00 00 00 00 00
00 00 00 00 00 00 00 00 00 00 00 00 00 00 00 00
00 00 00 00 00 00 00 00 00 00 00 00 00 00 00 00
00 00 00 00 00 00 00 00 00 00 00 00 00 00 00 00
00 00 00 00 00 00 00 00 00 00 00 00 00 00 00 00
00 00 06 03 00 00 0C 00 04 0F 0E 02 00 00 0C 00
04 0B 00 03 00 00 04 00 0B 0F 0C 04 00 00 08 00
02 0B 04 05 00 00 08 00 02 0E 08 04 00 00 08 00
0A 0D 08 04 0C 00 0C 00 0A 08 09 03 0C 00 0C 00
02 07 0A 02 08 01 05 00 04 05 0A 04 08 01 0C 00
0A 09 0A 03 08 01 0C 00 0A 08 0C 04 04 02 0C 00
0A 0B 0C 03 04 02 0C 00 0A 09 0A 02 00 03 08 00
0C 08 0D 04 00 03 0C 00 02 0D 0E 03 00 03 0C 00
02 0C 0F 04 0C 03 0B 00 0A 0E 00 04 0C 03 0C 00
0A 0E 01 0F 08 04 06 03 00 00 0A 00 0C 0E 0E 02
00 00 0A 00 0C 0A 0F 02 00 00 0A 00 0B 0F 03 04
00 00 09 00 02 0F 0E 03 00 00 09 00 02 0E 03 05
00 00 09 00 02 0E 0A 02 08 01 08 00 04 06 0F 04
08 01 0C 00 02 0B 00 04 08 01 0C 00 0A 07 01 05
04 02 0C 00 0A 0C 01 04 04 02 0B 00 0A 08 06 03
00 03 06 00 0C 0B 0B 02 00 03 08 00 03 0D 01 04
00 03 05 00 0A 0F 02 05 00 03 0C 00 0A 0D 02 04
00 03 0B 00 02 0A 03 05 0C 03 0C 00 0A 0F 03 04
0C 03 0B 00 0A 0D 09 0F 08 04 01 03 00 00 09 00
04 0B 00 03 00 00 0A 00 0B 0F 00 04 00 00 06 00
0A 0F 04 05 00 00 0A 00 0A 0F 08 04 00 00 0A 00
0A 0F 01 0F 08 04 00 00 00 00 0A 01 00 00 0E 01
00 00 08 06 00 00 00 00 08 03 08 01 00 00 00 00
00 00 00 00 00 00 0A 02 00 00 01 00 04 07 0B 02
00 00 08 01 0B 0D 0A 02 08 01 06 00 0C 00 00 03
08 01 08 01 0B 08 0E 02 01 03 01 00 04 01 02 03
01 03 08 01 0B 0C 01 0F 08 04 09 0F 08 04 01 0F
08 04 06 03 00 00 0C 00 04 0F 0E 02 00 00 0C 00
04 0B 00 03 00 00 04 00 0B 0F 0C 04 00 00 08 00
02 0B 04 05 00 00 08 00 02 0E 08 04 00 00 08 00
0A 0D 08 04 0C 00 0C 00 0A 08 09 03 0C 00 0C 00
02 07 0A 02 08 01 05 00 04 05 0A 04 08 01 0C 00
0A 09 0A 03 08 01 0C 00 0A 08 0C 04 04 02 0C 00
0A 0B 0C 03 04 02 0C 00 0A 09 0A 02 00 03 08 00
0C 08 0D 04 00 03 0C 00 02 0D 0E 03 00 03 0C 00
02 0C 0F 04 0C 03 0B 00 0A 0E 00 04 0C 03 0C 00
0A 0E 01 0F 08 04 06 03 00 00 0A 00 0C 0E 0E 02
00 00 0A 00 0C 0A 0F 02 00 00 0A 00 0B 0F 03 04
00 00 09 00 02 0F 0E 03 00 00 09 00 02 0E 03 05
00 00 09 00 02 0E 0A 02 08 01 08 00 04 06 0F 04
08 01 0C 00 02 0B 00 04 08 01 0C 00 0A 07 01 05
04 02 0C 00 0A 0C 01 04 04 02 0B 00 0A 08 06 03
00 03 06 00 0C 0B 0B 02 00 03 08 00 03 0D 01 04
00 03 05 00 0A 0F 02 05 00 03 0C 00 0A 0D 02 04
00 03 0B 00 02 0A 03 05 0C 03 0C 00 0A 0F 03 04
0C 03 0B 00 0A 0D 09 0F 08 04 01 03 00 00 09 00
04 0B 00 03 00 00 0A 00 0B 0F 00 04 00 00 06 00
0A 0F 04 05 00 00 0A 00 0A 0F 08 04 00 00 0A 00
0A 0F 01 0F 08 04 09 00 04 0B 00 03 00 00 0A 00
0B 0F 00 04 00 00 06 00 0A 0F 04 05 00 00 0A 00
0A 0F 08 04 00 00 0A 00 0A 0F 01 0F 08 04 09 0F
08 04 01 03 00 00 09 00 04 0B 00 03 00 00 0A 00
0B 0F 00 04 00 00 06 00 0A 0F 04 05 00 00 0A 00
0A 0F 08 04 00 00 0A 00 0A 0F 01 0F 08 04 01 05
04 02 0C 00 0A 0C 01 04 04 02 0B 00 0A 08 06 03
00 03 06 00 0C 0B 0B 02 00 03 08 00 03 0D 01 04
00 03 05 00 0A 0F 02 05 00 03 0C 00 0A 0D 02 04
00 03 0B 00 02 0A 03 05 0C 03 0C 00 0A 0F 03 04
0C 03 0B 00 0A 0D 09 0F 08 04 01 03 00 00 09 00
04 0B 00 03 00 00 0A 00 0B 0F 00 04 00 00 06 00
0A 0F 04 05 00 00 0A 00 0A 0F 08 04 00 00 0A 00
0A 0F 01 0F 08 04 0A 02 00 00 00 00 00 00 00 00
00 00 00 00 00 00 00 00 00 00 00 00 00 00 00 00
00 00 00 00 00 00 00 00 00 00 00 00 00 00 00 00
00 00 00 00 00 00 00 00 00 00 00 00 00 00 00 00
00 00 00 00 00 00 00 00 00 00 00 00 00 00 00 00
00 00 00 00 00 00 00 00 00 00 00 00 00 00 00 00
00 00 00 00 00 00 00 00 00 00 00 00 00 00 00 00
00 00 00 00 00 00 00 00 00 00 00 00 00 00 00 00
00 00 00 00 00 00 00 00 00 00 00 00 00 00 00 00
00 00 00 00 00 00 00 00 00 00 00 00 00 00 00 00
00 00 00 00 00 00 00 00 00 00 00 00 00 00 00 00
00 00 00 00 00 00 00 00 00 00 00 00 00 00 00 00
00 00 00 00 00 00 00 00 00 00 00 00 00 00 00 00
00 00 00 00 00 00 00 00 00 00 00 00 00 00 00 00
00 00 00 00 00 00 00 00 00 00 00 00 00 00 00 00
00 00 00 00 00 00 00 00 00 00 00 00 00 00 00 00
00 00 00 00 00 00 00 00 00 00 00 00 00 00 00 00
00 00 00 00 00 00 00 00 00 00 00 00 00 00 00 00
00 00 00 00 00 00 00 00 00 00 00 00 00 00 00 00
00 00 00 00 00 00 00 00 00 00 00 00 00 00 00 00
00 00 00 00 00 00 00 00 00 00 00 00 00 00 00 00
00 00 00 00 00 00 00 00 00 00 00 00 00 00 00 00
00 00 00 00 00 00 00 00 00 00 00 00 00 00 00 00
00 00 00 00 00 00 00 00 00 00 00 00 00 00 00 00
00 00 00 00 00 00 00 00 00 00 00 00 00 00 00 00
00 00 00 00 00 00 00 00 00 00 00 00 00 00 00 00
00 00 00 00 00 00 00 00 00 00 00 00 00 00 00 00
00 00 00 00 00 00 00 00 00 00 00 00 00 00 00 00
00 00 00 00 00 00 00 00 00 00 00 00 00 00 00 00
00 00 00 00 00 00 00 00 00 00 00 00 00 00 00 00
00 00 00 00 00 00 00 00 00 00 00 00 00 00 00 00
00 00 00 00 00 00 00 00 00 00 00 00 00 00 00 00
00 00 00 00 00 00 00 00 00 00 00 00 00 00 00 00
00 00 00 00 00 00 00 00 00 00 00 00 00 00 00 00
00 00 00 00 00 00 00 00 00 00 00 00 00 00 00 00
00 00 00 00 00 00 00 00 00 00 00 00 00 00 00 00
00 00 00 00 00 00 00 00 00 00 00 00 00 00 00 00
00 00 00 00 00 00 00 00 00 00 00 00 00 00 00 00
00 00 00 00 00 00 00 00 00 00 00 00 00 00 00 00
00 00 00 00 00 00 00 00 00 00 00 00 00 00 00 00
00 00 00 00 00 00 00 00 00 00 00 00 00 00 00 00
00 00 00 00 00 00 00 00 00 00 00 00 00 00 00 00
00 00 00 00 00 00 00 00 00 00 00 00 00 00 00 00
00 00 00 00 00 00 00 00 00 00 00 00 00 00 00 00
00 00 00 00 00 00 00 00 00 00 00 00 00 00 00 00
00 00 00 00 00 00 00 00 00 00 00 00 00 00 00 00
00 00 00 00 00 00 00 00 00 00 00 00 00 00 00 00
00 00 00 00 00 00 00 00 00 00 00 00 00 00 00 00
00 00 00 00 00 00 00 00 00 00 00 00 00 00 00 00
00 00 00 00 00 00 00 00 00 00 00 00 00 00 00 00
00 00 00 00 00 00 00 00 00 00 00 00 00 00 00 00
00 00 00 00 00 00 00 00 00 00 00 00 00 00 00 00
00 00 00 00 00 00 00 00 00 00 00 00 00 00 00 00
00 00 00 00 00 00 00 00 00 00 00 00 00 00 00 00
00 00 00 00 00 00 00 00 00 00 00 00 00 00 00 00
00 00 00 00 00 00 00 00 00 00 00 00 00 00 00 00
00 00 00 00 00 00 00 00 00 00 00 00 00 00 00 00
00 00 00 00 00 00 00 00 00 00 00 00 00 00 00 00
00 00 00 00 00 00 00 00 00 00 00 00 00 00 00 00
00 00 00 00 00 00 00 00 00 00 00 00 00 00 00 00
00 00 00 00 00 00 00 00 00 00 00 00 00 00 00 00
00 00 00 00 00 00 00 00 00 00 00 00 00 00 00 00
00 00 00 00 00 00 00 00 00 00 00 00 00 00 00 00
00 00 00 00 00 00 00 00 00 00 00 00 00 00 00 00
00 00 00 00 00 00 00 00 00 00 00 00 00 00 00 00
00 00 00 00 00 00 00 00 00 00 00 00 00 00 00 00
00 00 00 00 00 00 00 00 00 00 00 00 00 00 00 00
00 00 00 00 00 00 00 00 00 00 00 00 00 00 00 00
00 00 00 00 00 00 00 00 00 00 00 00 00 00 00 00
00 00 00 00 00 00 00 00 00 00 00 00 00 00 00 00
00 00 00 00 00 00 00 00 00 00 00 00 00 00 00 00
00 00 00 00 00 00 00 00 00 00 00 00 00 00 00 00
00 00 00 00 00 00 00 00 00 00 00 00 00 00 00 00
00 00 00 00 00 00 00 00 00 00 00 00 00 00 00 00
00 00 00 00 00 00 00 00 00 00 00 00 00 00 00 00
00 00 00 00 00 00 00 00 00 00 00 00 00 00 00 00
00 00 00 00 00 00 00 00 00 00 00 00 00 00 00 00
00 00 00 00 00 00 00 00 00 00 00 00 00 00 00 00
00 00 00 00 00 00 00 00 00 00 00 00 00 00 00 00
00 00 00 00 00 00 00 00 00 00 00 00 00 00 00 00
00 00 00 00 00 00 00 00 00 00 00 00 00 00 00 00
00 00 00 00 00 00 00 00 00 00 00 00 00 00 00 00
00 00 00 00 00 00 00 00 00 00 00 00 00 00 00 00
00 00 00 00 00 00 00 00 00 00 00 00 00 00 00 00
00 00 00 00 00 00 00 00 00 00 00 00 00 00 00 00
00 00 00 00 00 00 00 00 00 00 00 00 00 00 00 00
00 00 00 00 00 00 00 00 00 00 00 00 00 00 00 00
00 00 00 00 00 00 00 00 00 00 00 00 00 00 00 00
00 00 00 00 00 00 00 00 00 00 00 00 00 00 00 00
00 00 00 00 00 00 00 00 00 00 00 00 00 00 00 00
00 00 00 00 00 00 00 00 00 00 00 00 00 00 00 00
00 00 00 00 00 00 00 00 00 00 00 00 00 00 00 00
00 00 00 00 00 00 00 00 00 00 00 00 00 00 00 00
00 00 00 00 00 00 00 00 00 00 00 00 00 00 00 00
00 00 00 00 00 00 00 00 00 00 00 00 00 00 00 00
00 00 00 00 00 00 00 00 00 00 00 00 00 00 00 00
00 00 00 00 00 00 00 00 00 00 00 00 00 00 00 00
00 00 06 03 00 00 0C 00 04 0F 0E 02 00 00 0C 00
04 0B 00 03 00 00 04 00 0B 0F 0C 04 00 00 08 00
02 0B 04 05 00 00 08 00 02 0E 08 04 00 00 08 00
0A 0D 08 04 0C 00 0C 00 0A 08 09 03 0C 00 0C 00
02 07 0A 02 08 01 05 00 04 05 0A 04 08 01 0C 00
0A 09 0A 03 08 01 0C 00 0A 08 0C 04 04 02 0C 00
0A 0B 0C 03 04 02 0C 00 0A 09 0A 02 00 03 08 00
0C 08 0D 04 00 03 0C 00 02 0D 0E 03 00 03 0C 00
02 0C 0F 04 0C 03 0B 00 0A 0E 00 04 0C 03 0C 00
0A 0E 01 0F 08 04 06 03 00 00 0A 00 0C 0E 0E 02
00 00 0A 00 0C 0A 0F 02 00 00 0A 00 0B 0F 03 04
00 00 09 00 02 0F 0E 03 00 00 09 00 02 0E 03 05
00 00 09 00 02 0E 0A 02 08 01 08 00 04 06 0F 04
08 01 0C 00 02 0B 00 04 08 01 0C 00 0A 07 01 05
04 02 0C 00 0A 0C 01 04 04 02 0B 00 0A 08 06 03
00 03 06 00 0C 0B 0B 02 00 03 08 00 03 0D 01 04
00 03 05 00 0A 0F 02 05 00 03 0C 00 0A 0D 02 04
00 03 0B 00 02 0A 03 05 0C 03 0C 00 0A 0F 03 04
0C 03 0B 00 0A 0D 09 0F 08 04 01 03 00 00 09 00
04 0B 00 03 00 00 0A 00 0B 0F 00 04 00 00 06 00
0A 0F 04 05 00 00 0A 00 0A 0F 08 04 00 00 0A 00
0A 0F 01 0F 08 04 