40 00 21 05 03 01 01 00 03 03 08 00 0B 00 0B 00
0B 00 0B 00 0B 00 0A 00 0A 00 0A 00 08 03 0A 03
06 00 07 02 00 00 01 00 03 0A 08 00 0C 00 0C 00
0B 00 0B 00 0B 00 01 06 0A 01 09 01 09 03 07 03
02 00 06 03 00 00 01 00 03 03 08 00 0E 00 0E 00
0B 00 0B 00 0B 00 02 04 04 00 0E 01 09 03 0E 01
01 00 0D 01 00 00 01 00 03 02 08 00 0E 00 0E 00
0B 00 0B 00 0B 00 03 02 01 02 00 00 09 03 0D 00
02 00 06 02 00 00 01 00 03 02 08 00 0A 00 0A 00
0B 00 0B 00 0B 00 06 05 00 02 02 03 09 03 00 01
01 00 0B 00 00 00 01 00 03 03 08 00 0E 00 0E 00
0B 00 0B 00 0B 00 05 04 0D 04 09 01 09 01 08 05
01 00 01 02 00 00 01 00 03 02 08 00 0A 00 0A 00
0B 00 0B 00 0B 00 08 00 0A 00 04 02 08 03 03 04
02 00 00 02 00 00 01 00 03 01 08 00 09 00 09 00
0B 00 0B 00 0B 00 05 02 0E 00 00 00 08 03 04 04
02 00 00 02 00 00 05 00 00 00 08 00 0E 00 0E 00
0B 00 0B 00 0B 00 00 04 00 00 08 01 08 03 0B 05
01 00 0D 00 00 00 05 00 00 00 08 00 0D 00 0D 00
0B 00 0B 00 0B 00 0C 00 0F 01 0A 00 08 03 02 03
02 00 0D 02 00 00 01 00 03 03 08 00 0B 00 0B 00
0B 00 0B 00 0B 00 0A 00 0A 00 0A 00 08 03 0A 03
06 00 07 02 00 00 01 00 03 03 08 00 0C 00 0C 00
0B 00 0B 00 0B 00 04 01 0A 01 09 01 09 03 07 03
02 00 06 03 00 00 01 00 03 03 08 00 0E 00 0E 00
0B 00 0B 00 0B 00 02 04 04 00 0E 01 09 03 0E 01
01 00 0D 01 00 00 01 00 03 02 08 00 0E 00 0E 00
0B 00 0B 00 0B 00 03 02 01 02 00 00 09 03 0D 00
02 00 06 02 00 00 01 00 03 02 08 00 0A 00 0A 00
0B 00 0B 00 0B 00 06 05 00 02 02 03 09 03 00 01
01 00 0B 00 00 00 01 00 03 03 08 00 0E 00 0E 00
0B 00 0B 00 0B 00 05 04 0D 04 09 01 09 01 08 05
01 00 01 02 00 00 01 00 03 02 08 00 0A 00 0A 00
0B 00 0B 00 0B 00 08 00 0A 00 04 02 08 03 03 04
02 00 00 02 00 00 01 00 03 01 08 00 09 00 09 00
0B 00 0B 00 0B 00 05 02 0E 00 00 00 08 03 04 04
02 00 00 02 00 00 05 00 00 00 08 00 0E 00 0E 00
0B 00 0B 00 0B 00 00 04 00 00 08 01 08 03 0B 05
01 00 0D 00 00 00 05 00 00 00 08 00 0D 00 0D 00
0B 00 0B 00 0B 00 0C 00 0F 01 0A 00 08 03 02 03
02 00 0D 02 00 00 