40 00 21 05 03 00 0F 05 00 06 01 06 02 06 03 06
00 00 00 00 00 00 00 00 00 00 00 00 00 00 00 00
00 00 00 00 00 00 01 00 06 01 00 04 01 04 0E 0E
0E 0E 02 04 0E 0E 01 00 06 01 00 04 01 04 0F 0E
0F 0E 02 04 0F 0E 01 00 06 01 00 05 02 05 0E 0E
0E 0E 02 04 0E 0E 01 00 06 01 00 05 02 05 0F 0E
0F 0E 02 04 0F 0E 01 00 06 01 00 05 02 05 0F 0E
0F 0E 02 04 0F 0E 02 0A 06 0E 01 00 01 00 04 08
01 00 0E 08 08 08 02 0A 08 0E 01 00 01 00 04 08
01 00 06 08 09 04 02 0A 0E 0D 01 00 01 00 04 08
01 00 07 08 09 04 01 0C 04 01 00 06 01 03 09 0B
09 0B 0E 04 09 0B 01 0C 04 01 00 06 01 03 0A 0B
0A 0B 0E 04 0A 0B 01 0C 04 01 00 06 02 03 0B 0B
0B 0B 0E 04 0B 0B 01 0C 04 01 00 06 02 03 0C 0B
0C 0B 0E 04 0C 0B 01 0C 04 01 00 06 02 03 0D 0B
0D 0B 0E 04 0D 0B 09 0F 08 0D 08 04 01 00 04 08
01 00 04 0C 0E 08 05 0F 02 0F 0E 00 01 00 04 08
01 00 08 08 0A 04 05 0F 0C 0E 04 04 01 00 04 08
01 00 0A 08 0B 04 01 08 08 00 00 05 01 07 00 02
0F 07 0F 07 00 02 01 08 08 00 00 05 01 07 00 02
0F 07 0F 07 00 02 01 08 08 00 00 05 02 07 00 02
0F 07 0F 07 00 02 01 08 08 00 00 05 02 07 00 02
0F 07 0F 07 00 02 01 08 08 00 00 05 02 07 00 02
0F 07 0F 07 00 02 07 0E 00 0F 01 00 01 00 04 08
01 00 0A 08 0B 08 03 0E 00 0F 01 00 01 00 04 08
01 00 0A 08 06 04 03 0E 0C 0E 01 00 01 00 04 08
01 00 0A 08 07 04 01 08 08 00 00 06 01 06 00 0C
0F 0E 06 06 00 0C 01 08 08 00 00 06 01 06 00 0C
0F 0E 06 06 00 0C 01 08 08 00 00 06 02 06 00 0C
0F 0E 06 06 00 0C 01 08 08 00 00 06 02 06 00 0C
0F 0E 06 06 00 0C 01 08 08 00 00 06 02 06 00 0C
0F 0E 06 06 00 0C 0E 0F 0E 0F 04 0C 01 00 04 08
01 00 04 0C 0B 04 0E 0F 0E 0F 04 0C 01 00 04 08
01 00 04 0C 0B 04 0E 0F 0E 0F 04 0C 01 00 04 08
01 00 04 0C 0B 04 01 08 08 00 00 03 01 03 00 02
0B 0A 0F 07 00 02 01 08 08 00 00 03 01 03 00 02
0B 0A 0F 07 00 02 01 08 08 00 00 03 02 03 00 02
0B 0A 0F 07 00 02 01 08 08 00 00 03 02 03 00 02
0B 0A 0F 07 00 02 01 08 08 00 00 03 02 03 00 02
0B 0A 0F 07 00 02 0E 0F 08 0F 0D 04 01 00 04 08
01 00 0C 08 0B 04 0E 0F 08 0F 0D 04 01 00 04 08
01 00 0C 08 0B 04 0E 0F 06 0F 0D 04 01 00 04 08
01 00 0C 08 0B 04 